종목코드				업종명	자본금	상장주식수	시총(상장)	비중
091990	1천		셀트리온헬스케어	유통	143,818	143,818,048	7,162,139	3.31
035760	5천		CJ ENM	방송서비스	110,577	21,929,154	3,602,960	1.66
215600	5백		신라젠	기타서비스	35,526	71,052,125	3,321,687	1.53
084990	5백		헬릭스미스	기타서비스	7,978	15,956,260	3,068,389	1.42
086900	5백		메디톡스	제약	2,907	5,815,090	2,425,474	1.12
263750	5백		펄어비스	디지털컨텐츠	6,510	13,021,400	2,216,242	1.02
032500	5백		케이엠더블유	통신장비	19,438	38,877,892	2,025,538	0.94
036490	5백		SK머티리얼즈	반도체	5,273	10,547,673	1,951,320	0.90
253450	5백		스튜디오드래곤	오락 . 문화	14,025	28,051,490	1,753,218	0.81
145020	5백		휴젤	제약	2,179	4,358,205	1,573,748	0.73
034230	5백		파라다이스	오락 . 문화	47,032	90,942,672	1,386,876	0.64
056190	5백		에스에프에이	기계 . 장비	17,954	35,908,760	1,341,192	0.62
068760	5백		셀트리온제약	제약	17,037	34,075,861	1,323,847	0.61
098460	5백		고영	기계 . 장비	6,843	13,687,951	1,171,689	0.54
028300	5백		에이치엘비	운송장비 . 부품	19,617	39,235,182	1,169,208	0.54
095700	5백		제넥신	기타서비스	10,281	20,563,934	1,161,862	0.54
078340	5백		컴투스	디지털컨텐츠	6,433	12,866,420	1,150,258	0.53
240810	5백		원익IPS	반도체	24,541	49,083,901	1,143,655	0.53
041960	백		코미팜	제약	5,813	58,138,849	1,127,894	0.52
247540	5백		에코프로비엠	일반전기전자	10,180	20,361,366	1,117,839	0.52
028150	5천		GS홈쇼핑	방송서비스	32,812	6,562,500	1,116,281	0.52
036830	5백		솔브레인	화학	8,699	17,398,271	1,108,270	0.51
038540	1천		상상인	컴퓨터서비스	57,187	55,848,313	1,024,817	0.47
048260	5백		오스템임플란트	의료 . 정밀기기	7,142	14,285,717	1,014,286	0.47
003380	백		하림지주	금융	9,358	93,584,198	973,276	0.45
025980	백		아난티	오락 . 문화	8,428	84,280,441	948,155	0.44
298380	5백		에이비엘바이오	제약	22,651	45,303,350	935,514	0.43
046890	5백		서울반도체	반도체	29,152	58,305,400	927,056	0.43
030190	5백		NICE평가정보	기타서비스	30,357	60,714,820	892,508	0.41
039030	5백		이오테크닉스	반도체	6,159	12,319,550	879,616	0.41
140410	5백		메지온	기타서비스	4,327	8,654,452	872,369	0.40
058470	5백		리노공업	반도체	7,621	15,242,370	868,815	0.40
178920	5백		SKC코오롱PI	화학	14,683	29,366,322	823,725	0.38
214370	5백	정	케어젠	제약	5,371	10,743,000	821,840	0.38
214150	백		클래시스	의료 . 정밀기기	6,197	61,973,077	805,650	0.37
041510	5백		에스엠	오락 . 문화	11,716	23,432,901	803,749	0.37
022100	5백		포스코 ICT	기타서비스	76,017	152,034,729	781,459	0.36
078130	백		국일제지	종이 . 목재	12,118	121,180,836	756,168	0.35
091700	5백		파트론	IT부품	27,078	54,156,410	747,358	0.35
005290	5백		동진쎄미켐	반도체	25,707	51,414,494	742,939	0.34
000250	5백		삼천당제약	제약	11,052	22,105,813	733,913	0.34
035900	5백		JYP Ent	오락 . 문화	17,942	35,494,992	716,999	0.33
066970	5백		엘앤에프	IT부품	12,379	24,758,729	711,813	0.33
218410	5백		RFHIC	일반전기전자	11,721	23,442,902	703,287	0.32
085660	5백	CA	차바이오텍	제약	26,240	52,480,564	695,367	0.32
067160	5백		아프리카TV	소프트웨어	5,747	11,494,767	677,042	0.31
033640	5백		네패스	반도체	11,629	23,059,202	676,788	0.31
200130	5백		콜마비앤에이치	제약	14,771	29,543,558	675,070	0.31
064760	5백		티씨케이	반도체	5,837	11,675,000	671,313	0.31
036420	5백	정	제이콘텐트리	오락 . 문화	72,034	144,068,982	665,599	0.31
267980	5백		매일유업	음식료 . 담배	3,921	7,843,638	662,003	0.31
278280	5백		천보	화학	5,000	10,000,000	655,000	0.30
039840	5백		디오	의료 . 정밀기기	7,761	15,523,602	648,887	0.30
078070	5백		유비쿼스홀딩스	금융	10,348	18,696,628	643,164	0.30
108320	5백		실리콘웍스	반도체	8,132	16,264,300	638,374	0.29
115450	5백		지트리비앤티	소프트웨어	12,255	24,510,837	610,320	0.28
086450	25백		동국제약	제약	22,230	8,892,000	607,324	0.28
090460	5백		비에이치	IT부품	15,999	31,998,657	591,975	0.27
042000	5백		카페24	인터넷	4,715	9,430,597	585,640	0.27
096530	5백		씨젠	제약	13,117	26,234,020	583,707	0.27
033290	5백		코웰패션	유통	46,532	90,500,234	581,012	0.27
029960	5백		코엔텍	기타서비스	25,000	50,000,000	572,500	0.26
083790	5백		크리스탈	기타서비스	20,231	40,462,015	566,468	0.26
069080	5백		웹젠	디지털컨텐츠	17,655	35,310,884	538,491	0.25
151910	백		나노스	IT부품	10,901	109,013,645	529,261	0.24
053800	5백		안랩	소프트웨어	5,182	10,013,855	528,732	0.24
039200	5백		오스코텍	제약	14,050	28,101,839	508,643	0.23
023890	1천		한국아트라스비엑스	IT부품	9,150	9,150,000	506,910	0.23
138080	5백		오이솔루션	통신장비	3,869	7,739,532	497,652	0.23
950160	무	정	코오롱티슈진		0	61,117,550	489,552	0.23
086520	5백		에코프로	IT부품	11,045	22,090,191	488,193	0.23
272290	5백		이녹스첨단소재	IT부품	4,616	9,232,420	473,623	0.22
006730	5백		서부T&D	유통	27,719	55,438,883	469,567	0.22
263050	5백		유틸렉스	제약	3,645	7,290,255	468,763	0.22
141080	5백		레고켐바이오	기타서비스	5,299	10,599,562	467,971	0.22
122870	5백		와이지엔터테인먼트	오락 . 문화	9,098	18,197,609	458,580	0.21
073070	백		에스모	운송장비 . 부품	8,766	87,666,769	458,497	0.21
078160	5백		메디포스트	제약	7,808	15,617,842	449,794	0.21
031390	5백		녹십자셀	제약	5,982	11,965,768	448,118	0.21
082270	5백		젬백스	기계 . 장비	17,899	35,798,925	445,697	0.21
243070	5백		휴온스	제약	4,491	8,983,757	445,145	0.21
215000	5백		골프존	소프트웨어	3,137	6,275,415	441,162	0.20
112040	5백		위메이드	디지털컨텐츠	8,680	16,800,000	439,320	0.20
048410	5백		현대바이오	화학	17,318	34,637,192	438,160	0.20
178320	5백		서진시스템	통신장비	9,050	18,100,666	438,036	0.20
013120	5백		동원개발	건설	45,404	90,808,100	436,787	0.20
007390	5백		네이처셀	제약	26,562	53,125,399	430,847	0.20
230360	백		에코마케팅	기타서비스	1,619	16,198,937	427,652	0.20
061970	5백		엘비세미콘	반도체	21,892	43,784,592	422,959	0.20
182400	5백		엔케이맥스	제약	15,544	31,088,588	419,696	0.19
239610	5백		에이치엘사이언스	음식료 . 담배	2,571	5,142,148	418,057	0.19
213420	2백		덕산네오룩스	반도체	4,802	24,010,012	417,774	0.19
196170	5백		알테오젠	기타서비스	6,844	13,689,951	412,068	0.19
183490	5백		엔지켐생명과학	제약	3,918	7,837,768	411,483	0.19
092040	5백		아미코젠	음식료 . 담배	9,603	19,207,010	402,387	0.19
179900	5백		유티아이	IT부품	7,932	15,864,895	399,002	0.18
122990	5백		와이솔	반도체	12,078	24,156,941	398,590	0.18
060250	5백		NHN한국사이버결제	소프트웨어	11,485	22,971,393	397,405	0.18
023410	5백		유진기업	비금속	38,655	77,310,863	391,193	0.18
088800	5백		에이스테크	통신장비	19,429	38,858,022	385,083	0.18
200230	백		텔콘RF제약	통신장비	8,298	82,986,256	382,567	0.18
950180	무		SNK		0	21,061,800	378,059	0.17
215200	백		메가스터디교육	기타서비스	1,182	11,821,880	376,527	0.17
048530	5백		인트론바이오	제약	15,005	30,010,745	370,633	0.17
234340	5백		세틀뱅크	소프트웨어	4,633	9,267,000	368,363	0.17
025900	5백		동화기업	종이 . 목재	10,599	20,198,382	364,581	0.17
060570	5백		드림어스컴퍼니	디지털컨텐츠	27,910	55,821,439	364,514	0.17
043150	5백		바텍	의료 . 정밀기기	7,427	14,854,256	362,444	0.17
108230	5백		톱텍	기계 . 장비	18,534	36,796,254	362,075	0.17
097520	5백		엠씨넥스	IT부품	8,872	17,745,456	356,684	0.16
092730	5백		네오팜	화학	4,103	8,207,361	355,789	0.16
038500	5백		삼표시멘트	비금속	53,678	107,357,173	354,279	0.16
047310	5백		파워로직스	IT부품	17,442	34,420,982	352,815	0.16
192440	5백		슈피겐코리아	IT부품	3,108	6,216,363	352,468	0.16
068240	5백		다원시스	IT부품	13,399	26,799,958	351,079	0.16
214450	5백		파마리서치프로덕트	유통	4,777	9,554,788	349,705	0.16
041830	5백		인바디	의료 . 정밀기기	6,841	13,683,782	349,621	0.16
084110	5백		휴온스글로벌	제약	5,460	10,921,362	347,845	0.16
003800	1천		에이스침대	기타제조	11,090	11,090,000	346,008	0.16
025770	5백		한국정보통신	통신서비스	19,406	38,812,743	345,433	0.16
051500	1천		CJ프레시웨이	유통	11,871	11,871,586	344,870	0.16
036540	5백		SFA반도체	반도체	71,403	142,292,274	344,347	0.16
950110	무		SBI핀테크솔루션즈		0	24,656,540	339,027	0.16
099190	5백		아이센스	의료 . 정밀기기	6,868	13,737,238	337,249	0.16
035600	5백		KG이니시스	소프트웨어	13,952	27,904,434	336,248	0.16
045390	백		대아티아이	일반전기전자	7,115	71,151,522	335,124	0.15
065660	5백		안트로젠	유통	4,325	8,650,277	334,766	0.15
080420	5백		모다이노칩	IT부품	39,860	79,721,622	333,635	0.15
044340	5백		위닉스	일반전기전자	8,936	17,873,425	332,446	0.15
049950	5백		미래컴퍼니	기계 . 장비	4,072	8,144,232	329,841	0.15
052020	5백		에스티큐브	IT부품	13,479	26,958,985	322,160	0.15
265520	5백		AP시스템	반도체	7,049	14,099,511	320,764	0.15
067630	5백		에이치엘비생명과학	기타서비스	23,421	46,842,283	319,933	0.15
095610	5백		테스	반도체	9,884	19,768,226	316,292	0.15
032190	5백		다우데이타	유통	19,150	38,300,000	312,911	0.14
080160	5백		모두투어	기타서비스	9,450	18,900,000	312,795	0.14
015750	5백		성우하이텍	운송장비 . 부품	40,000	80,000,000	310,400	0.14
237880	5백		클리오	화학	8,483	16,967,895	307,967	0.14
144510	5백		녹십자랩셀	기타서비스	5,277	10,554,054	306,595	0.14
174900	5백		앱클론	제약	3,588	7,176,000	302,468	0.14
255440	5백		야스	IT부품	6,569	13,058,000	302,293	0.14
036930	5백		주성엔지니어링	반도체	24,124	48,249,212	297,215	0.14
053580	5백		웹케시	금융	3,381	6,763,655	296,586	0.14
104830	5백		원익머트리얼즈	반도체	6,304	12,608,000	293,766	0.14
036800	5백		나이스정보통신	통신서비스	5,000	10,000,000	293,000	0.14
123860	5백		아나패스	반도체	5,063	10,127,700	292,691	0.14
228760	5백		지노믹트리	제약	9,993	19,986,215	290,799	0.13
035810	5백		이지바이오	음식료 . 담배	29,339	57,927,351	290,216	0.13
078020	5천		이베스트투자증권	금융	277,405	55,481,190	290,167	0.13
053950	5백	정	경남제약	제약	8,414	16,829,751	289,472	0.13
034950	5천		한국기업평가	기타서비스	24,452	4,540,514	288,777	0.13
058820	5백		CMG제약	제약	54,446	108,892,244	288,564	0.13
030530	5백		원익홀딩스	금융	38,618	77,237,981	288,484	0.13
131970	5백		테스나	반도체	3,425	6,850,000	284,275	0.13
119860	5백		다나와	인터넷	6,537	13,074,822	282,416	0.13
217730	5백		강스템바이오텍	제약	10,422	20,844,437	281,400	0.13
074600	5백		원익QnC	비금속	13,144	26,288,000	281,282	0.13
063570	5백		한국전자금융	통신서비스	17,073	34,147,728	280,694	0.13
095660	5백		네오위즈	디지털컨텐츠	10,957	21,915,008	280,512	0.13
100120	5백		뷰웍스	의료 . 정밀기기	5,000	10,001,865	275,551	0.13
050890	5백		쏠리드	통신장비	26,092	52,185,175	275,016	0.13
038290	5백		마크로젠	기타서비스	5,302	10,605,454	274,681	0.13
102710	5백		이엔에프테크놀로지	화학	7,113	14,227,836	274,597	0.13
041140	5백		넥슨지티	디지털컨텐츠	17,686	35,373,322	273,436	0.13
060150	5백		인선이엔티	기타서비스	19,195	38,391,282	271,426	0.13
010170	5백		대한광통신	일반전기전자	36,870	73,741,625	271,369	0.13
018290	5백		지엠피	일반전기전자	13,599	27,199,868	271,183	0.13
251970	5백		펌텍코리아	화학	941	1,882,710	269,981	0.12
078600	5백		대주전자재료	IT부품	7,275	14,551,225	269,925	0.12
032620	5백		유비케어	소프트웨어	26,098	52,197,139	269,859	0.12
143240	5백		사람인에이치알	인터넷	5,817	11,634,263	267,588	0.12
053030	5백		바이넥스	제약	15,870	31,741,048	267,260	0.12
319660	5백		피에스케이	반도체	7,382	14,765,020	267,247	0.12
036630	5백		세종텔레콤	통신서비스	300,163	600,326,126	267,145	0.12
166090	5백		하나머티리얼즈	반도체	9,813	19,627,674	265,955	0.12
089600	5백		나스미디어	기타서비스	4,557	8,754,691	265,705	0.12
014620	5백		성광벤드	금속	14,300	28,600,000	265,122	0.12
237690	5백		에스티팜	제약	9,328	18,656,000	264,915	0.12
268600	5백		셀리버리	기타서비스	3,910	7,820,107	264,711	0.12
115960	5백		연우	화학	6,199	12,398,000	263,458	0.12
084370	5백		유진테크	반도체	11,458	22,916,042	262,389	0.12
052400	5백		코나아이	소프트웨어	7,779	15,559,118	259,837	0.12
019210	5백		와이지-원	금속	15,253	30,506,398	257,169	0.12
067280	5백		멀티캠퍼스	디지털컨텐츠	2,963	5,926,779	255,148	0.12
140860	5백		파크시스템스	의료 . 정밀기기	3,332	6,665,055	254,272	0.12
067990	5백		도이치모터스	유통	14,018	28,037,345	253,177	0.12
208340	5백		파멥신	제약	3,455	6,910,809	252,590	0.12
023900	5백		풍국주정	음식료 . 담배	6,300	12,600,000	250,740	0.12
065620	5백		제낙스	금속	11,243	22,486,744	249,603	0.12
030520	5백		한글과컴퓨터	소프트웨어	12,202	23,082,211	249,288	0.12
035890	5백		서희건설	건설	103,540	207,081,188	248,497	0.11
063080	5백		게임빌	디지털컨텐츠	3,297	6,595,192	248,309	0.11
023160	5백		태광	금속	13,250	26,500,000	248,305	0.11
013030	5백		하이록코리아	금속	6,806	13,613,232	247,080	0.11
066700	5백		테라젠이텍스	제약	15,472	30,945,143	246,633	0.11
041190	5백		우리기술투자	금융	42,000	84,000,000	246,120	0.11
086980	5백		쇼박스	오락 . 문화	31,300	62,600,000	244,766	0.11
095270	5백		웨이브일렉트로	IT부품	5,469	10,938,033	243,918	0.11
119610	5백		인터로조	의료 . 정밀기기	5,672	11,344,520	243,907	0.11
086390	5백		유니테스트	반도체	10,567	21,134,126	241,986	0.11
057500	5백		SKC 솔믹스	반도체	30,747	61,494,040	241,672	0.11
089980	5백		상아프론테크	화학	7,621	15,242,561	240,070	0.11
049070	5백		인탑스	IT부품	8,600	17,200,000	237,360	0.11
102940	5백		코오롱생명과학	제약	5,706	11,412,356	236,236	0.11
230240	5백		에치에프알	일반전기전자	5,991	11,982,020	234,848	0.11
220630	백		해마로푸드서비스	유통	9,468	94,689,760	233,884	0.11
067080	5백		대화제약	제약	9,112	18,224,974	233,280	0.11
950170	무		JTC		0	35,005,517	232,437	0.11
299660	5백		셀리드	기타서비스	4,781	9,563,692	231,920	0.11
226950	5백		올릭스	기타서비스	3,253	6,507,121	231,328	0.11
051370	5백		인터플렉스	IT부품	11,663	23,327,472	231,175	0.11
136480	5백		하림	음식료 . 담배	43,472	86,945,938	228,668	0.11
082920	5백		비츠로셀	IT부품	10,769	21,539,152	228,315	0.11
067390	5백		아스트	운송장비 . 부품	13,091	25,679,652	227,008	0.10
016250	5천		이테크건설	건설	14,000	2,800,000	225,680	0.10
104480	5백		티케이케미칼	화학	45,447	90,895,434	225,421	0.10
214180	5백		민앤지	소프트웨어	6,341	12,682,476	223,846	0.10
033500	5백		동성화인텍	화학	13,821	26,983,609	222,885	0.10
011040	5백		경동제약	제약	13,575	26,550,000	222,755	0.10
183300	5백		코미코	반도체	4,387	8,775,000	222,446	0.10
243840	25백		신흥에스이씨	IT부품	16,379	6,551,683	222,430	0.10
039440	5백		에스티아이	반도체	7,915	15,830,000	222,412	0.10
018120	5백		진로발효	음식료 . 담배	3,984	7,524,000	220,453	0.10
086820	5백		바이오솔루션	제약	3,991	7,982,376	219,515	0.10
039560	5백		다산네트웍스	통신장비	16,886	31,316,989	218,593	0.10
042520	5백		한스바이오메드	제약	4,951	9,902,454	216,864	0.10
078150	5백		HB테크놀러지	기계 . 장비	39,495	78,990,426	216,039	0.10
293780	5백		압타바이오	기타서비스	5,440	10,881,733	216,002	0.10
031330	5백		에스에이엠티	유통	49,997	99,995,067	215,989	0.10
054780	백		키이스트	오락 . 문화	8,517	85,175,625	215,920	0.10
239340	백		줌인터넷		2,372	23,720,695	215,384	0.10
206640	1천		바디텍메드	제약	23,468	23,468,542	214,502	0.10
176440	5백		에이치엔티	IT부품	7,215	14,430,478	214,293	0.10
087010	5백		펩트론	제약	7,663	15,326,500	213,038	0.10
159580	5백		제로투세븐	유통	10,016	20,032,636	212,346	0.10
200670	5백		휴메딕스	제약	4,985	9,971,194	211,888	0.10
092130	5백		이크레더블	기타서비스	6,146	12,043,600	211,365	0.10
214870	5백		뉴지랩	통신장비	12,390	24,780,651	210,883	0.10
054950	5백		제이브이엠	기계 . 장비	3,165	6,330,908	209,553	0.10
143160	5백		아이디스	통신장비	5,358	10,716,390	209,505	0.10
236200	5백		슈프리마	일반전기전자	3,580	7,160,273	207,648	0.10
043370	5백		평화정공	운송장비 . 부품	10,500	21,000,000	206,430	0.10
060280	5백		큐렉소	유통	16,678	33,357,253	205,481	0.09
043610	5백		지니뮤직	디지털컨텐츠	29,057	58,115,438	205,438	0.09
110790	1천		크리스에프앤씨	섬유 . 의류	11,715	11,715,480	205,021	0.09
238090	2백		앤디포스	비금속	8,391	41,957,020	204,960	0.09
045100	5백		한양이엔지	기타서비스	9,000	18,000,000	201,600	0.09
067290	5백		JW신약	제약	20,833	41,667,166	201,252	0.09
023910	5백		대한약품	제약	3,000	6,000,000	201,000	0.09
121440	5백		골프존뉴딘홀딩스	유통	21,418	42,836,818	200,905	0.09
228850	5백		레이언스	의료 . 정밀기기	8,295	16,591,014	200,751	0.09
052260	5백		SK바이오랜드	화학	7,500	15,000,000	200,250	0.09
138690	5백		엘아이에스	반도체	7,968	15,937,873	199,223	0.09
009520	5백		포스코엠텍	금속	20,821	41,642,703	197,595	0.09
191420	5백		테고사이언스	제약	4,042	8,085,634	196,885	0.09
251370	5백		와이엠티	화학	3,702	7,405,200	195,868	0.09
089030	5백		테크윙	반도체	9,723	19,318,786	195,120	0.09
023770	5백	CA	플레이위드	디지털컨텐츠	2,131	4,263,337	195,048	0.09
052330	5백		코텍	정보기기	7,787	15,574,552	193,903	0.09
085370	5백		루트로닉	의료 . 정밀기기	12,693	25,387,106	192,434	0.09
036190	5백		금화피에스시	건설	3,000	6,000,000	192,000	0.09
091120	5백		이엠텍	IT부품	8,030	16,060,936	191,928	0.09
300080	5백		플리토	디지털컨텐츠	2,584	5,169,811	191,283	0.09
121600	5백		나노신소재	화학	5,424	10,848,333	190,931	0.09
097780	2백		에스맥	IT부품	44,187	220,938,274	190,228	0.09
053610	5백		프로텍	반도체	5,159	10,318,361	189,858	0.09
065530	5백		전파기지국	통신서비스	26,430	52,860,000	189,767	0.09
090360	5백		로보스타	기계 . 장비	4,875	9,750,000	189,150	0.09
109740	5백		디에스케이	기계 . 장비	10,177	20,354,763	189,096	0.09
194700	5백		노바렉스	음식료 . 담배	4,501	9,003,740	188,178	0.09
215360	5백		우리산업	운송장비 . 부품	4,566	9,132,163	187,666	0.09
060240	5백	CA	룽투코리아	디지털컨텐츠	12,438	24,176,133	187,607	0.09
131370	백		알서포트	디지털컨텐츠	5,326	53,267,083	187,500	0.09
060720	5백		KH바텍	IT부품	10,566	21,132,275	187,443	0.09
121800	5백		비덴트	통신장비	13,936	27,873,523	186,195	0.09
260930	5백		씨티케이코스메틱스	화학	5,061	10,122,151	185,741	0.09
007820	5백		에스엠코어	기계 . 장비	10,016	20,033,946	185,715	0.09
044490	5백		태웅	금속	10,003	20,007,381	184,668	0.09
040910	5백		아이씨디	반도체	8,424	16,848,040	182,801	0.08
037460	5백		삼지전자	통신장비	8,309	16,318,522	182,767	0.08
108790	5백		인터파크	유통	16,577	33,155,480	182,687	0.08
030960	5백		양지사	출판 . 매체복제	7,990	15,980,000	181,373	0.08
095190	5백		이엠코리아	기계 . 장비	18,166	36,332,704	180,937	0.08
012700	5백		리드코프	유통	13,777	26,749,230	180,557	0.08
245620	백		EDGC	기타서비스	3,617	36,172,940	180,503	0.08
203690	백		프로스테믹스	제약	4,567	45,676,500	179,052	0.08
201490	5백		미투온	디지털컨텐츠	15,628	31,257,770	178,794	0.08
052710	5백		아모텍	IT부품	4,871	9,743,406	177,817	0.08
225570	5백		넷게임즈	디지털컨텐츠	12,010	24,021,225	177,757	0.08
064260	5백		다날	디지털컨텐츠	30,881	61,763,715	177,262	0.08
054050	5백		농우바이오		8,015	16,030,561	177,138	0.08
046440	5백		KG모빌리언스	소프트웨어	14,953	29,906,957	176,750	0.08
066430	5백	CA	와이오엠	유통	6,097	12,195,582	176,226	0.08
036180	5백		영인프런티어	유통	8,800	17,600,341	176,003	0.08
033160	5백		엠케이전자	반도체	10,903	21,807,689	175,552	0.08
189300	5백		인텔리안테크	일반전기전자	3,624	7,249,276	175,432	0.08
058610	5백		에스피지	IT부품	10,438	20,876,975	175,367	0.08
072020	5백		중앙백신	제약	4,980	9,960,000	175,296	0.08
093320	5백		케이아이엔엑스	인터넷	2,440	4,880,000	172,752	0.08
206650	5백		유바이오로직스	제약	13,370	26,740,093	172,741	0.08
264450	5백		유비쿼스	통신장비	2,561	5,123,955	172,165	0.08
100790	1천		미래에셋벤처투자	금융	31,167	30,667,215	172,043	0.08
007720	5백		대명코퍼레이션	유통	50,400	100,800,450	171,865	0.08
179290	5백		엠아이텍	의료 . 정밀기기	15,211	30,423,558	171,589	0.08
302430	5백		이노메트리	기계 . 장비	2,412	4,825,108	171,533	0.08
180400	5백	정	캔서롭	기타서비스	11,065	22,130,432	171,290	0.08
061040	5백		알에프텍	통신장비	10,667	21,335,706	170,686	0.08
241710	5백		코스메카코리아	화학	5,340	10,680,000	170,346	0.08
017890	5백		한국알콜	화학	10,802	21,605,760	170,253	0.08
226340	백		본느	화학	3,009	30,097,696	170,052	0.08
014470	5백		부방	금융	23,646	47,293,490	169,784	0.08
073490	5백		이노와이어리스	통신장비	3,001	6,002,500	168,070	0.08
175250	5백		아이큐어	제약	3,206	6,413,839	167,401	0.08
125210	5백		아모그린텍	IT부품	8,248	16,496,790	166,618	0.08
068930	5백		디지털대성	기타서비스	11,272	22,544,723	166,606	0.08
110990	백		디아이티	IT부품	1,890	18,900,000	166,320	0.08
217270	5백		넵튠	출판 . 매체복제	10,947	21,895,220	164,433	0.08
064550	5백		바이오니아	제약	11,109	22,218,419	164,416	0.08
056700	5백		신화인터텍	IT부품	14,567	29,135,091	164,031	0.08
025320	5백		시노펙스	IT부품	35,506	70,146,898	163,793	0.08
263720	5백		디앤씨미디어	디지털컨텐츠	6,020	12,041,343	163,762	0.08
036890	5백		진성티이씨	기계 . 장비	11,241	22,482,268	163,446	0.08
900250	外		크리스탈신소재		39,985	67,783,852	163,359	0.08
312610	5백		에이에프더블류	일반전기전자	5,064	10,128,444	163,068	0.08
222040	5백		코스맥스엔비티	음식료 . 담배	10,314	20,628,000	162,961	0.08
138580	5백		비즈니스온	소프트웨어	4,772	9,544,940	162,741	0.08
005990	5백		매일홀딩스	음식료 . 담배	6,859	13,718,304	159,818	0.07
059090	5백		미코	반도체	15,658	31,316,603	159,715	0.07
006620	5백		동구바이오제약	제약	4,802	9,604,000	158,946	0.07
036030	1천		KTH	유통	35,715	35,715,022	158,575	0.07
086890	5백		이수앱지스	제약	13,312	26,625,292	157,888	0.07
054620	5백		APS홀딩스	금융	10,197	20,394,221	156,628	0.07
008290	5백		원풍물산	섬유 . 의류	19,195	38,391,781	156,255	0.07
137940	백		넥스트아이	의료 . 정밀기기	7,927	77,116,173	155,775	0.07
115180	5백		큐리언트	기타서비스	4,296	8,593,966	155,551	0.07
072520	백		제넨바이오	기타서비스	6,748	67,482,794	155,210	0.07
049960	5백		쎌바이오텍	제약	4,700	9,400,000	155,100	0.07
045970	5백		코아시아	기타서비스	10,014	20,028,422	154,619	0.07
216050	5백		인크로스	기타서비스	4,028	8,056,777	153,884	0.07
054670	5백		대한뉴팜	제약	7,177	14,354,920	153,598	0.07
136540	5백		윈스	소프트웨어	6,069	12,139,563	153,565	0.07
100700	백		세운메디칼	제약	4,380	43,800,000	153,519	0.07
067170	5백		오텍	운송장비 . 부품	7,695	15,391,605	153,146	0.07
123420	5백		선데이토즈	디지털컨텐츠	4,784	9,569,842	152,639	0.07
131390	5백		피앤이솔루션	일반전기전자	7,140	14,280,000	152,082	0.07
206560	5백		덱스터	오락 . 문화	12,325	24,650,029	151,598	0.07
074430	백		아미노로직스	유통	8,782	87,826,844	151,501	0.07
161580	5백		필옵틱스	IT부품	8,664	17,329,031	150,763	0.07
054450	5백		텔레칩스	반도체	6,752	13,505,911	149,916	0.07
307930	5백		컴퍼니케이	금융	9,755	15,610,000	149,232	0.07
089890	5백		코세스	반도체	8,425	16,851,962	149,140	0.07
196490	5백		디에이테크놀로지	기계 . 장비	26,259	52,518,758	148,891	0.07
232140	백		와이아이케이	반도체	6,178	61,788,456	148,601	0.07
256630	백		포인트엔지니어링	금속	5,350	53,500,000	148,463	0.07
299910	5백		베스파	디지털컨텐츠	4,008	8,016,521	148,306	0.07
214430	5백		아이쓰리시스템	일반전기전자	3,580	7,106,760	148,176	0.07
090470	5백		제이스텍	반도체	7,298	14,597,808	148,168	0.07
122640	5백		예스티	반도체	7,001	14,003,328	147,735	0.07
018310	5백		삼목에스폼	금속	7,350	14,700,000	146,853	0.07
065130	5백		탑엔지니어링	기계 . 장비	8,324	15,976,257	146,343	0.07
108490	5백		로보티즈	소프트웨어	5,625	11,251,000	146,263	0.07
052790	5백		액토즈소프트	디지털컨텐츠	5,665	11,330,638	145,032	0.07
024810	2백		이화전기	IT부품	120,406	602,032,963	144,488	0.07
023600	5백		삼보판지	종이 . 목재	8,085	16,170,000	143,913	0.07
111870	5백		삼본전자	일반전기전자	25,686	51,372,000	143,328	0.07
299900	5백		위지윅스튜디오	오락 . 문화	4,606	9,213,507	143,270	0.07
038390	5백		레드캡투어	기타서비스	4,294	8,589,480	143,015	0.07
014200	5백		광림	운송장비 . 부품	24,812	49,624,189	142,918	0.07
007680	5백		대원	건설	5,525	11,050,000	141,993	0.07
089970	백		에이피티씨	기계 . 장비	2,323	23,234,595	141,963	0.07
251630	5백		브이원텍	기계 . 장비	7,525	15,050,580	141,927	0.07
142760	5백		바이오리더스	기타서비스	8,841	17,682,985	141,464	0.07
065650	5백		메디프론	유통	14,719	29,439,113	141,161	0.07
038880	백		아이에이	반도체	24,141	241,417,281	140,505	0.06
290670	5백		대보마그네틱	기계 . 장비	1,616	3,232,600	140,295	0.06
078890	5백		가온미디어	통신장비	7,392	14,784,585	139,714	0.06
241770	5백		메카로	반도체	5,287	10,074,640	139,534	0.06
166480	5백		코아스템	제약	7,858	15,717,440	139,414	0.06
101490	5백		에스앤에스텍	반도체	9,867	19,735,331	138,345	0.06
153710	5백		옵티팜	제약	7,188	14,377,758	138,170	0.06
038160	5백		팍스넷	금융	5,538	11,077,521	137,915	0.06
033110	5백	CA	코너스톤네트웍스	의료 . 정밀기기	57,586	115,172,391	137,631	0.06
207760	백		미스터블루	디지털컨텐츠	2,450	24,505,004	136,983	0.06
038680	5백		에스넷	컴퓨터서비스	8,037	16,075,215	136,961	0.06
171120	5백		라이온켐텍	화학	9,179	18,358,538	136,955	0.06
036810	5백		에프에스티	반도체	10,116	20,233,814	136,578	0.06
190510	5백		나무가	IT부품	1,913	3,431,550	136,233	0.06
263540	5백		샘코	운송장비 . 부품	4,010	8,021,681	135,967	0.06
187420	5백		제노포커스	제약	10,767	21,535,863	135,461	0.06
037070	5백		파세코	일반전기전자	7,000	14,000,000	135,380	0.06
111710	2백		남화산업	오락 . 문화	4,117	20,588,000	135,263	0.06
067900	5백		와이엔텍	기타서비스	9,099	18,199,659	135,223	0.06
096240	5백		청담러닝	기타서비스	3,837	7,674,651	134,690	0.06
217480	5백		에스디생명공학	화학	11,207	22,415,066	134,266	0.06
241690	5백		유니테크노	운송장비 . 부품	5,963	11,927,520	134,185	0.06
021320	5천		KCC건설	건설	107,000	21,400,000	133,964	0.06
005160	1천		동국산업	금속	54,244	54,244,482	133,713	0.06
011370	5백		서한	건설	50,447	100,894,865	133,686	0.06
073560	5백		우리손에프앤지	음식료 . 담배	34,618	69,237,643	133,282	0.06
039830	5백		오로라	기타서비스	5,381	10,762,890	132,922	0.06
060230	5백		이그잭스	IT부품	35,707	71,414,001	132,830	0.06
071200	5백		인피니트헬스케어	소프트웨어	12,198	24,396,458	132,473	0.06
089010	5백		켐트로닉스	화학	6,952	13,905,282	132,378	0.06
263920	5백		블러썸엠앤씨	기타제조	4,725	9,451,896	132,327	0.06
064240	5백		홈캐스트	통신장비	16,389	32,278,430	132,180	0.06
050110	5백		캠시스	IT부품	30,059	60,119,014	131,961	0.06
077360	2백		덕산하이메탈	일반전기전자	4,543	22,718,501	131,767	0.06
122450	5백		KMH	방송서비스	11,319	22,639,663	131,310	0.06
027050	5백		코리아나	화학	20,000	40,000,000	131,000	0.06
048550	5백		SM C&C	방송서비스	47,030	94,061,026	130,745	0.06
101000	5백	정	상상인인더스트리	기계 . 장비	20,869	41,739,200	130,435	0.06
083640	2백		인콘	통신장비	13,926	69,631,423	130,211	0.06
144960	5백		뉴파워프라즈마	기계 . 장비	4,125	8,250,337	129,943	0.06
290650	5백		엘앤씨바이오	제약	3,669	7,339,332	129,906	0.06
091580	5백		상신이디피	IT부품	6,332	12,665,050	129,817	0.06
270870	5백		뉴트리	음식료 . 담배	4,516	9,032,224	128,709	0.06
222080	백		씨아이에스	기계 . 장비	5,362	53,624,705	128,431	0.06
016100	5백		리더스코스메틱	화학	9,093	18,187,414	128,403	0.06
225190	5백		삼양옵틱스	의료 . 정밀기기	5,039	10,079,900	128,015	0.06
123040	5백		엠에스오토텍	운송장비 . 부품	15,583	31,166,089	127,937	0.06
060310	5백		3S	기계 . 장비	22,386	44,772,143	127,824	0.06
038340	5백	CA	UCI	기타서비스	16,545	32,991,155	127,511	0.06
099320	5백		쎄트렉아이	통신장비	3,634	7,268,487	127,199	0.06
049180	5백		셀루메드	제약	10,365	20,731,931	126,879	0.06
082210	5백		옵트론텍	IT부품	11,280	22,560,627	126,791	0.06
045520	5백		크린앤사이언스	기계 . 장비	3,650	6,500,000	126,425	0.06
033340	5백		좋은사람들	섬유 . 의류	14,954	29,908,224	126,063	0.06
014970	5백		삼륭물산	종이 . 목재	7,562	15,125,000	125,386	0.06
001540	5백		안국약품	제약	6,521	13,042,420	124,946	0.06
035080	5백		인터파크홀딩스	유통	30,421	58,500,000	124,898	0.06
094480	5백		갤럭시아컴즈	소프트웨어	19,614	39,229,838	124,751	0.06
036560	5백		영풍정밀	기계 . 장비	7,875	15,750,000	124,583	0.06
234920	5백		자이글	일반전기전자	6,765	13,530,910	124,484	0.06
225530	5백		보광산업	비금속	17,930	35,860,150	124,076	0.06
007330	1천		푸른저축은행	금융	15,082	15,082,800	123,830	0.06
204620	5백		글로벌텍스프리	금융	18,627	37,254,218	123,311	0.06
149950	5백		아바텍	IT부품	8,153	15,607,500	123,143	0.06
263770	백		유에스티	금속	2,370	23,700,172	122,530	0.06
036200	5백		유니셈	반도체	15,332	30,664,223	122,350	0.06
069510	5백		에스텍	일반전기전자	5,455	10,910,000	122,192	0.06
255220	백		SG	비금속	1,250	12,506,024	122,184	0.06
138360	5백	정	에이씨티	화학	13,634	27,268,234	122,162	0.06
046140	5백		SBS콘텐츠허브	오락 . 문화	10,731	21,463,555	122,128	0.06
058400	5백		KNN	방송서비스	66,214	132,429,720	122,100	0.06
072870	5백		메가스터디	출판 . 매체복제	5,960	11,920,959	121,594	0.06
079370	5백		제우스	기계 . 장비	5,192	10,384,000	121,493	0.06
290720	5백		푸드나무	유통	3,403	6,806,034	121,488	0.06
900290	外		GRT		132,116	67,375,000	121,275	0.06
131030	5백		디에이치피코리아	제약	8,282	16,564,797	121,089	0.06
115160	5백		휴맥스	통신장비	11,955	23,911,798	120,994	0.06
073110	5백		엘엠에스	IT부품	4,522	8,895,755	120,982	0.06
054800	5백		아이디스홀딩스	기타서비스	5,173	10,347,756	120,551	0.06
004650	5백		창해에탄올	음식료 . 담배	4,595	9,190,885	120,401	0.06
005710	5백		대원산업	운송장비 . 부품	10,018	20,037,600	120,226	0.06
126700	5백		하이비젼시스템	의료 . 정밀기기	7,471	14,942,112	120,135	0.06
054210	5백		이랜텍	IT부품	10,687	21,374,932	119,700	0.06
027360	5백		아주IB투자	금융	59,357	118,714,050	119,308	0.06
095340	5백		ISC	반도체	7,071	14,142,508	119,221	0.06
900100	外		뉴프라이드		32,681	92,335,174	119,112	0.06
037950	5백		엘컴텍	IT부품	42,223	84,447,519	119,071	0.06
011320	5백		유니크	운송장비 . 부품	9,660	19,320,695	119,015	0.05
200710	5백		에이디테크놀로지	반도체	4,925	9,261,533	119,011	0.05
222800	5백		심텍	반도체	11,376	22,752,959	118,998	0.05
082800	5백		루미마이크로	반도체	37,235	74,470,875	118,781	0.05
200780	2백		비씨월드제약	제약	1,601	8,008,318	118,523	0.05
130580	5백		나이스디앤비	기타서비스	7,700	15,400,000	118,426	0.05
066980	5백		브레인콘텐츠	디지털컨텐츠	79,209	158,418,281	118,338	0.05
141000	5백		비아트론	반도체	6,057	12,114,710	117,997	0.05
100090	5백		삼강엠앤티	금속	13,767	27,535,527	117,990	0.05
100590	5백		머큐리	일반전기전자	7,381	14,763,600	117,666	0.05
053980	5백		오상자이엘	컴퓨터서비스	8,873	17,747,882	117,314	0.05
108380	5백		대양전기공업	운송장비 . 부품	4,783	9,567,333	117,200	0.05
101330	5백		모베이스	IT부품	11,979	23,958,188	117,156	0.05
042370	5백		비츠로테크	금융	11,176	22,353,873	116,687	0.05
015710	5백		코콤	통신장비	8,765	17,530,500	116,578	0.05
042040	백	CA	케이피엠테크	화학	9,232	92,326,547	116,331	0.05
040420	5백		정상제이엘에스	기타서비스	8,478	15,677,552	115,857	0.05
042420	5백		네오위즈홀딩스	디지털컨텐츠	4,653	8,856,866	115,582	0.05
100130	5백		동국S&C	금속	28,571	57,143,000	115,429	0.05
089140	5백		넥스턴	비금속	5,923	11,846,520	115,030	0.05
151860	5백		KG ETS	기타서비스	20,051	36,000,000	115,020	0.05
047820	5백		초록뱀	오락 . 문화	38,197	76,395,832	114,976	0.05
195990	5백	CA	유지인트	기계 . 장비	55,237	110,474,256	114,893	0.05
069110	5백		코스온	화학	9,348	18,697,161	114,801	0.05
060590	5백		씨티씨바이오	유통	9,655	19,310,522	114,705	0.05
009780	5백		엠에스씨	음식료 . 담배	8,800	17,600,000	114,224	0.05
051360	5백		토비스	정보기기	8,358	16,717,058	114,010	0.05
109610	5백		에스와이	금속	12,474	24,949,345	113,395	0.05
289080	5백		SV인베스트먼트	금융	26,617	53,234,000	113,388	0.05
203650	백		드림시큐리티	출판 . 매체복제	3,580	35,805,754	113,325	0.05
241840	5백		에이스토리	오락 . 문화	4,659	9,318,240	113,217	0.05
089230	백		THE E&M	인터넷	10,529	105,296,807	113,194	0.05
032790	5백		엠젠플러스	정보기기	8,533	17,067,619	112,988	0.05
073570	5백		WI	반도체	7,120	14,241,730	112,937	0.05
225330	5백	CA	씨엠에스에듀	기타서비스	9,476	18,634,628	112,739	0.05
068790	5백		DMS	기계 . 장비	11,516	23,032,487	112,399	0.05
289010	5백		아이스크림에듀	출판 . 매체복제	6,318	12,637,371	112,346	0.05
214270	백		퓨쳐스트림네트웍스	출판 . 매체복제	9,247	92,470,707	111,890	0.05
039340	5백		한국경제TV	방송서비스	11,500	23,000,000	111,090	0.05
160550	5백		NEW	오락 . 문화	13,953	27,906,106	110,090	0.05
023760	5백		한국캐피탈	금융	84,104	168,209,576	110,009	0.05
228340	5백		동양파일	비금속	10,000	20,000,000	110,000	0.05
257370	5백		명성티엔에스	IT부품	3,185	6,370,000	109,246	0.05
035620	5백		바른손이앤에이	디지털컨텐츠	35,306	70,612,278	109,096	0.05
066620	5백		국보디자인	건설	3,750	7,500,000	108,750	0.05
047770	5백		코데즈컴바인	섬유 . 의류	18,921	37,842,602	108,608	0.05
069920	5백		아이에스이커머스	유통	12,757	25,514,093	108,562	0.05
900300	外		오가닉티코스메틱		59,421	56,925,000	108,158	0.05
039860	5백		나노엔텍	의료 . 정밀기기	13,146	26,292,790	107,800	0.05
079940	5백		가비아	인터넷	6,767	13,535,684	107,609	0.05
091970	5백		나노캠텍	화학	11,446	22,892,847	107,596	0.05
020710	5백		시공테크	기타서비스	10,023	20,047,970	107,457	0.05
303030	백		지니틱스	반도체	3,387	33,873,125	107,378	0.05
063170	5백		서울옥션	유통	8,458	16,917,500	107,257	0.05
003100	1천		선광	운송	6,600	6,600,000	107,250	0.05
053300	5백		한국정보인증	소프트웨어	15,582	31,165,000	107,208	0.05
238490	5백		힘스	반도체	2,828	5,656,118	107,183	0.05
056080	5백		유진로봇	기계 . 장비	18,756	37,512,152	106,910	0.05
126870	5백		뉴로스	기계 . 장비	11,297	22,595,805	106,878	0.05
036670	5백		KCI	화학	5,635	11,270,000	106,502	0.05
065150	백	정	MP그룹	유통	8,080	80,808,407	106,263	0.05
019550	5백		SBI인베스트먼트	금융	83,533	162,066,575	105,992	0.05
035610	5백		솔본	기타서비스	13,672	27,345,997	105,692	0.05
049520	5백		유아이엘	IT부품	11,142	21,784,936	105,657	0.05
040350	5백		큐로컴	컴퓨터서비스	54,829	109,659,681	105,602	0.05
065060	5백		지엔코	섬유 . 의류	49,004	98,008,044	104,869	0.05
065510	5백		휴비츠	의료 . 정밀기기	5,941	11,882,871	104,688	0.05
034940	5백		조아제약	제약	14,155	28,310,231	104,465	0.05
093190	5백		빅솔론	정보기기	9,619	19,238,905	103,505	0.05
109960	5백		에이프로젠 H&G	유통	89,347	178,695,217	103,465	0.05
288620	5백		에스퓨얼셀	일반전기전자	2,872	5,744,316	103,398	0.05
065710	5백		서호전기	일반전기전자	2,575	5,150,000	103,000	0.05
227610	5백		아우딘퓨쳐스	화학	5,000	10,000,000	103,000	0.05
101160	5백		월덱스	반도체	8,255	16,510,993	102,863	0.05
053280	5백	CA	예스24	인터넷	8,600	17,200,000	102,684	0.05
217600	백		켐온	기타서비스	6,386	63,861,340	101,859	0.05
290380	5백		대유	화학	4,526	9,052,400	100,934	0.05
220260	백		켐트로스	화학	2,404	24,045,158	100,509	0.05
022220	5백		정산애강	화학	25,897	51,794,579	100,481	0.05
185490	5백		아이진	기타서비스	5,522	11,045,609	100,073	0.05
100030	5백		모바일리더	소프트웨어	1,641	3,283,714	99,825	0.05
033830	5백		티비씨	방송서비스	50,000	100,000,000	99,800	0.05
173940	5백		에프엔씨엔터	오락 . 문화	7,182	14,364,880	99,692	0.05
053350	5백		이니텍	소프트웨어	9,895	19,790,916	99,548	0.05
126880	5백		제이엔케이히터	기계 . 장비	10,251	20,503,713	99,443	0.05
009300	1천		삼아제약	제약	6,370	6,370,000	99,372	0.05
102120	5백		어보브반도체	반도체	8,729	17,459,653	98,822	0.05
019660	5백		글로본	유통	14,541	29,083,136	98,737	0.05
290120	5백		대유에이피	운송장비 . 부품	5,442	10,884,000	98,609	0.05
086960	5백		한컴MDS	소프트웨어	4,844	8,828,608	98,439	0.05
048870	5백		시너지이노베이션	의료 . 정밀기기	31,235	62,471,696	98,393	0.05
034810	5백		해성산업	기타서비스	4,890	9,780,000	98,289	0.05
187220	5백		디티앤씨	기타서비스	5,475	10,951,507	98,235	0.05
127160	백		매직마이크로	반도체	5,971	59,715,632	98,232	0.05
211270	5백		AP위성	통신장비	7,507	15,014,804	98,047	0.05
238200	5백		비피도	음식료 . 담배	2,045	4,090,000	97,956	0.05
155650	5백		와이엠씨	IT부품	9,987	19,974,358	97,275	0.04
205100	백		엑셈	소프트웨어	3,388	33,882,273	96,564	0.04
019010	5백		베뉴지	유통	24,100	48,200,000	96,400	0.04
038460	5백		바이오스마트	정보기기	10,007	20,014,594	96,170	0.04
073640	백		삼원테크	금속	5,539	55,395,980	95,835	0.04
104200	5백		NHN벅스	디지털컨텐츠	7,413	14,827,550	95,341	0.04
313760	5백		윌링스	일반전기전자	2,431	4,862,000	95,295	0.04
093920	5백		서원인텍	IT부품	9,300	18,600,000	95,232	0.04
099750	5백		이지케어텍	출판 . 매체복제	3,193	6,386,000	95,151	0.04
117670	5백		알파홀딩스	반도체	7,134	14,268,908	95,031	0.04
067310	5백		하나마이크론	반도체	12,685	25,370,632	95,013	0.04
001840	5백		이화공영	건설	9,902	19,805,760	94,672	0.04
011560	5백		세보엠이씨	건설	5,265	10,530,000	94,665	0.04
241790	5백		오션브릿지	반도체	4,761	9,523,912	94,477	0.04
013990	5백		아가방컴퍼니	유통	16,443	32,887,536	94,387	0.04
035290	5백		더블유에프엠	출판 . 매체복제	11,965	23,931,773	94,052	0.04
131100	백	관	리켐	IT부품	2,704	27,043,329	93,840	0.04
065560	5백		녹원씨엔아이	출판 . 매체복제	7,816	15,632,088	93,793	0.04
009730	5백		코센	금속	33,398	66,796,423	93,515	0.04
033100	5백		제룡전기	IT부품	8,031	16,062,409	93,483	0.04
018000	5백		유니슨	기계 . 장비	46,800	93,600,606	93,413	0.04
036000	5백		예림당	출판 . 매체복제	11,617	23,034,277	93,058	0.04
120240	5백		대정화금	화학	3,550	7,100,391	93,015	0.04
080000	5백		에스엔유	기계 . 장비	17,161	34,322,870	93,015	0.04
046210	5백		파나진	의료 . 정밀기기	16,068	32,136,660	92,875	0.04
006580	5백		대양제지	종이 . 목재	13,425	26,850,000	92,767	0.04
221840	5백		하이즈항공	운송장비 . 부품	8,848	17,696,167	92,728	0.04
242040	백		나무기술	출판 . 매체복제	2,913	29,137,820	92,513	0.04
263700	5백		케어랩스	소프트웨어	3,212	6,425,275	92,203	0.04
096040	2백		이트론	정보기기	47,989	239,949,626	92,141	0.04
049480	5백		오픈베이스	컴퓨터서비스	15,711	31,422,383	92,068	0.04
096630	2백		에스코넥	IT부품	13,053	65,265,724	92,025	0.04
088130	5백		동아엘텍	기계 . 장비	5,575	10,913,432	91,891	0.04
002800	5백		신신제약	제약	7,585	15,170,500	91,782	0.04
083310	5백		엘오티베큠	반도체	6,629	13,258,256	91,747	0.04
234300	5백		에스트래픽	소프트웨어	5,960	11,921,180	91,555	0.04
080220	5백		제주반도체	반도체	14,466	28,632,514	91,481	0.04
308100	5백		까스텔바쟉	유통	3,298	6,596,700	91,364	0.04
215100	백		로보로보	디지털컨텐츠	1,779	17,798,454	91,306	0.04
079970	5백		투비소프트	소프트웨어	13,242	26,485,736	90,846	0.04
226360	백		이엑스티	건설	2,702	27,022,574	90,796	0.04
013310	5백		아진산업	운송장비 . 부품	15,208	30,417,276	90,796	0.04
200470	5백		하이셈	반도체	8,776	17,553,680	90,753	0.04
042510	5백		라온시큐어	소프트웨어	15,904	31,809,612	90,657	0.04
094850	5백		참좋은여행	기타서비스	7,000	14,000,000	90,440	0.04
046120	5백		오르비텍	기타서비스	11,895	23,790,573	90,404	0.04
071460	5백		위니아딤채	일반전기전자	31,872	35,967,295	90,278	0.04
088910	5백		동우팜투테이블	음식료 . 담배	12,915	25,831,764	90,153	0.04
100660	5백		서암기계공업	기계 . 장비	6,300	12,600,000	89,964	0.04
950140	무		잉글우드랩		0	19,867,866	89,803	0.04
148250	5백		알엔투테크놀로지	정보기기	3,412	6,824,803	89,746	0.04
194480	5백		데브시스터즈	디지털컨텐츠	5,602	11,204,370	89,635	0.04
170920	5백		엘티씨	반도체	3,759	7,519,943	89,487	0.04
086040	5백		바이오톡스텍	기타서비스	7,293	14,587,623	89,422	0.04
065170	5백		넥스트BT	유통	30,953	61,906,025	89,145	0.04
104460	5백		동양피엔에프	기계 . 장비	5,356	10,713,625	88,923	0.04
290740	5백		액트로	IT부품	5,007	10,014,011	88,824	0.04
091590	5백		남화토건	건설	5,870	11,740,000	88,754	0.04
078940	5백	정	코드네이처	건설	29,762	59,525,614	88,693	0.04
105550	5백		트루윈	일반전기전자	5,521	11,043,418	88,568	0.04
052860	5백		아이앤씨	반도체	8,739	17,478,554	88,441	0.04
053700	5백		삼보모터스	운송장비 . 부품	7,976	15,952,055	88,374	0.04
079190	5백	정	EMW	통신장비	15,892	31,784,197	88,360	0.04
033130	5백		디지틀조선	디지털컨텐츠	18,557	37,115,267	88,334	0.04
052420	5백		오성첨단소재	IT부품	27,997	55,871,717	88,277	0.04
083930	5백		아바코	기계 . 장비	7,998	15,996,505	88,141	0.04
106190	5백		하이텍팜	유통	3,544	7,088,782	87,901	0.04
087730	백		네패스신소재	반도체	1,757	17,578,685	87,893	0.04
078590	2백		두올산업	운송장비 . 부품	10,557	52,788,687	87,893	0.04
140070	백		서플러스글로벌	유통	3,698	36,988,000	87,662	0.04
174880	백		장원테크	통신장비	3,022	30,225,000	87,653	0.04
090850	5백		이지웰페어	기타서비스	5,450	10,901,100	87,427	0.04
060560	5백		홈센타홀딩스	유통	42,556	85,113,017	87,241	0.04
139670	5백		키네마스터	소프트웨어	3,508	7,016,911	87,010	0.04
026040	5백		제이에스티나	기타제조	8,684	16,503,790	86,975	0.04
217620	백		디딤		3,700	37,001,905	86,954	0.04
069410	5백		엔텔스	소프트웨어	3,449	6,899,227	86,240	0.04
079960	5백		동양이엔피	IT부품	3,930	7,860,000	86,067	0.04
038060	5백		루멘스	반도체	23,638	47,276,784	86,044	0.04
267790	5백		배럴	섬유 . 의류	3,909	7,818,100	85,999	0.04
014100	5백		보령메디앙스	화학	5,900	11,800,000	85,786	0.04
046070	5백	정	코다코	운송장비 . 부품	19,532	39,064,256	85,746	0.04
122350	백		삼기오토모티브	운송장비 . 부품	3,130	31,301,789	85,610	0.04
900260	外		로스웰		115,848	90,781,250	85,607	0.04
094820	5백		일진파워	건설	7,539	15,078,709	85,496	0.04
214680	백		디알텍	의료 . 정밀기기	4,853	48,530,190	85,413	0.04
119830	5백		아이텍	반도체	3,210	6,420,046	85,387	0.04
066590	5백		우수AMS	운송장비 . 부품	12,347	24,694,303	85,319	0.04
032820	5백		우리기술	일반전기전자	47,815	95,630,166	85,206	0.04
067000	5백		조이시티	디지털컨텐츠	5,891	11,783,395	85,194	0.04
021080	5백		에이티넘인베스트	금융	24,000	48,000,000	84,960	0.04
205500	5백	관	액션스퀘어	디지털컨텐츠	13,242	26,485,481	84,754	0.04
246710	5백		티앤알바이오팹	제약	4,169	8,339,290	84,644	0.04
041440	5백		에버다임	기계 . 장비	8,957	17,915,944	84,563	0.04
250060	백		모비스	소프트웨어	3,217	32,171,314	83,806	0.04
061250	5백		화일약품	제약	7,205	14,410,958	83,728	0.04
168330	5백	관	내츄럴엔도텍	기타서비스	10,332	20,665,822	83,697	0.04
006910	5백		보성파워텍	금속	22,927	45,854,719	83,685	0.04
259630	5백		엠플러스	기계 . 장비	2,555	5,111,890	83,579	0.04
950130	무		엑세스바이오		0	27,064,930	83,495	0.04
094170	5백		동운아나텍	반도체	7,005	13,618,450	83,481	0.04
108860	5백	정	셀바스AI	소프트웨어	11,027	22,055,945	83,371	0.04
016790	5백		현대사료	음식료 . 담배	3,075	6,150,486	83,339	0.04
160600	5백		에스엔텍	기계 . 장비	5,966	11,932,056	83,166	0.04
104620	5백		노랑풍선	기타서비스	2,382	4,765,650	83,161	0.04
192250	백		케이사인	소프트웨어	6,467	64,671,257	82,779	0.04
083660	5백	정	CSA 코스믹	화학	9,873	19,747,641	82,348	0.04
033540	5백		파라텍	기계 . 장비	8,491	16,983,690	82,201	0.04
010240	5백		흥국	기계 . 장비	6,161	12,322,696	82,069	0.04
051160	5백		지어소프트	소프트웨어	7,287	14,574,555	82,055	0.04
024950	5백		삼천리자전거	유통	6,636	13,273,577	82,031	0.04
043090	5백		팜스웰바이오	유통	14,493	28,986,693	81,742	0.04
215790	5백		이노인스트루먼트	통신장비	10,141	20,283,149	81,640	0.04
048910	5백		대원미디어	유통	6,319	12,578,946	81,512	0.04
137400	5백		피엔티	기계 . 장비	8,864	17,729,427	81,289	0.04
064090	5백		에프앤리퍼블릭	유통	32,431	64,862,614	81,078	0.04
102210	백	정	해덕파워웨이	운송장비 . 부품	7,369	73,696,405	81,066	0.04
105740	5백		디케이락	기계 . 장비	4,131	8,262,912	80,977	0.04
072470	5백		우리산업홀딩스	운송장비 . 부품	9,443	18,887,341	80,932	0.04
033170	5백		시그네틱스	반도체	42,864	85,728,319	80,928	0.04
027710	5백		팜스토리	음식료 . 담배	45,974	88,347,431	80,838	0.04
253840	5백		수젠텍	의료 . 정밀기기	6,463	12,926,006	80,788	0.04
047560	5백		이스트소프트	디지털컨텐츠	4,949	9,899,400	80,680	0.04
222420	백		쎄노텍	비금속	4,015	40,158,175	80,517	0.04
037330	5백		인지디스플레	IT부품	17,801	35,603,146	80,463	0.04
043290	5백		케이맥	기계 . 장비	3,570	7,141,531	80,342	0.04
140670	5백		알에스오토메이션	IT부품	4,551	9,103,140	80,290	0.04
049080	5백		기가레인	반도체	26,138	52,276,120	80,244	0.04
092460	5백		한라IMS	운송장비 . 부품	5,872	11,744,978	80,101	0.04
040300	1천		YTN	방송서비스	42,000	42,000,000	80,010	0.04
217500	백		러셀	기계 . 장비	3,181	31,812,000	79,848	0.04
112240	5백	정	에스에프씨	화학	21,990	43,981,834	79,827	0.04
109860	5백		동일금속	금속	3,500	7,000,000	79,800	0.04
021040	5백		대호피앤씨	금속	36,556	73,112,826	79,693	0.04
047080	5백		한빛소프트	디지털컨텐츠	12,389	24,779,836	79,667	0.04
219420	백		링크제니시스	소프트웨어	1,000	10,000,000	79,600	0.04
065680	5백		우주일렉트로	IT부품	4,967	9,934,220	79,573	0.04
030350	5백		드래곤플라이	디지털컨텐츠	8,004	16,008,491	79,322	0.04
118990	백		모트렉스	운송장비 . 부품	2,725	27,250,545	79,299	0.04
067570	5백		엔브이에이치코리아	운송장비 . 부품	14,361	28,722,222	79,273	0.04
036260	5백	정	이매진아시아	오락 . 문화	17,839	35,679,116	79,208	0.04
224060	백		코디엠	반도체	14,613	146,136,795	79,206	0.04
033320	5백		제이씨현시스템	유통	9,557	19,114,432	79,134	0.04
215380	백	정	우정바이오	기타서비스	2,510	25,109,711	79,096	0.04
049630	5백		재영솔루텍	IT부품	36,397	72,794,917	78,982	0.04
260660	5백		알리코제약	제약	4,797	9,595,575	78,972	0.04
160980	5백		싸이맥스	반도체	5,288	10,576,294	78,899	0.04
131290	5백		티에스이	반도체	5,530	11,061,429	78,868	0.04
043200	5백		파루	IT부품	17,457	34,914,153	78,557	0.04
065950	5백		웰크론	섬유 . 의류	13,582	27,164,911	78,507	0.04
016600	5백		큐캐피탈	금융	69,999	139,998,322	78,399	0.04
900270	外		헝셩그룹		71,445	80,000,000	78,320	0.04
087260	5백		모바일어플라이언스	소프트웨어	7,500	15,000,000	78,300	0.04
041930	5백		동아화성	화학	8,000	15,800,000	77,973	0.04
050540	5백		한국코퍼레이션	기타서비스	19,392	38,785,593	77,571	0.04
900310	外		컬러레이		57,671	54,000,000	77,490	0.04
004780	5백		대륙제관	금속	7,951	15,903,199	77,369	0.04
317850	5백		대모	기계 . 장비	4,162	8,324,420	77,251	0.04
027040	5백		서울전자통신	기타제조	34,794	69,588,847	77,244	0.04
285490	5백		노바텍	기타제조	2,313	4,626,800	76,805	0.04
069540	5백	정	라이트론	통신장비	7,084	14,168,017	76,791	0.04
131400	5백		액트	IT부품	8,683	17,366,763	76,761	0.04
039010	5백		현대통신	통신장비	4,312	8,625,000	76,676	0.04
041910	5백		에스텍파마	제약	5,949	11,898,263	76,625	0.04
079950	5백		인베니아	기계 . 장비	11,600	23,200,000	76,560	0.04
092070	5백		디엔에프	화학	5,380	10,761,828	76,517	0.04
036120	5백		SCI평가정보	기타서비스	17,750	35,500,000	76,503	0.04
014190	5백		원익큐브	유통	17,699	35,399,906	76,464	0.04
099440	5백		스맥	기계 . 장비	13,970	27,940,256	75,997	0.04
204840	백		지엘팜텍	기타서비스	3,578	35,784,323	75,863	0.04
024060	백		흥구석유	유통	1,500	15,000,000	75,750	0.03
156100	5백	정	엘앤케이바이오	의료 . 정밀기기	5,389	10,778,736	75,559	0.03
054940	5백		엑사이엔씨	건설	16,586	33,173,548	75,470	0.03
037350	5백		성도이엔지	기타서비스	7,735	15,470,000	75,416	0.03
002230	5백		피에스텍	의료 . 정밀기기	9,834	19,669,243	75,333	0.03
080720	5백		한국유니온제약	제약	2,951	5,903,728	75,273	0.03
053620	5백		태양	금속	4,300	8,600,000	75,078	0.03
193250	백		와이제이엠게임즈	IT부품	4,563	45,636,595	75,072	0.03
096690	1천		제이스테판	정보기기	36,230	36,230,353	74,997	0.03
149980	백		하이로닉	의료 . 정밀기기	1,409	14,099,995	74,871	0.03
137950	5백		제이씨케미칼	화학	10,676	21,352,349	74,840	0.03
078140	5백		대봉엘에스	제약	5,543	11,086,579	74,613	0.03
041460	5백		한국전자인증	소프트웨어	10,729	21,459,249	74,571	0.03
090740	5백		연이정보통신	IT부품	8,000	16,000,000	74,560	0.03
071670	5백		에이테크솔루션	기계 . 장비	5,000	10,000,000	74,400	0.03
084180	5백	정	수성	기계 . 장비	6,379	12,759,693	74,261	0.03
024880	5백		케이피에프	금속	8,702	17,405,955	74,236	0.03
220100	5백		퓨쳐켐	제약	2,874	5,749,139	74,164	0.03
263690	5백		디알젬	의료 . 정밀기기	5,662	11,325,610	73,956	0.03
090710	2백		휴림로봇	기계 . 장비	16,397	81,986,448	73,870	0.03
171090	5백		선익시스템	반도체	4,499	8,999,295	73,794	0.03
057880	5백		필로시스헬스케어	유통	20,109	40,219,695	73,602	0.03
187870	5백		디바이스이엔지	반도체	3,391	6,782,000	73,585	0.03
006140	5백		피제이전자	의료 . 정밀기기	7,500	15,000,000	73,575	0.03
134780	5백	정	화진	운송장비 . 부품	12,019	24,039,448	73,561	0.03
198440	백		고려시멘트	비금속	3,197	31,979,960	73,554	0.03
053450	5백		세코닉스	의료 . 정밀기기	5,901	11,803,281	73,534	0.03
122310	5백		제노레이	의료 . 정밀기기	2,288	4,577,256	73,465	0.03
095500	5백		미래나노텍	IT부품	11,644	23,289,533	73,362	0.03
078860	5백		아이오케이	오락 . 문화	19,873	39,747,667	73,136	0.03
045660	5백		에이텍	정보기기	4,130	8,260,000	73,101	0.03
050320	백	정	에이앤티앤	컴퓨터서비스	2,266	22,661,761	72,971	0.03
049720	5백		고려신용정보	기타서비스	7,150	14,300,000	72,644	0.03
196450	2백		디오스텍	의료 . 정밀기기	24,811	124,056,371	72,573	0.03
056360	5백		코위버	통신장비	4,898	9,796,800	72,496	0.03
119850	5백		지엔씨에너지	일반전기전자	8,428	16,295,828	72,028	0.03
037370	1천		EG	유통	7,500	7,500,000	71,925	0.03
065940	5백	정	바이오빌	화학	21,993	43,987,186	71,919	0.03
084730	5백		팅크웨어	통신장비	5,212	10,425,682	71,833	0.03
171010	5백		램테크놀러지	반도체	5,785	11,571,530	71,743	0.03
126600	5백		코프라	화학	10,557	21,115,634	71,688	0.03
142280	5백		녹십자엠에스	제약	4,808	9,617,283	71,456	0.03
241820	5백		피씨엘	제약	4,470	8,941,164	71,350	0.03
076610	5백		해성옵틱스	IT부품	15,493	30,987,500	71,116	0.03
065350	5백		신성델타테크	일반전기전자	12,088	24,177,101	70,839	0.03
041920	5백		메디아나	의료 . 정밀기기	4,325	8,650,496	70,761	0.03
208640	백		썸에이지	출판 . 매체복제	9,828	98,282,387	70,665	0.03
066670	5백		디스플레이텍	IT부품	9,345	18,691,918	70,562	0.03
025440	5백		대성엘텍	일반전기전자	49,830	99,661,343	70,560	0.03
204020	5백		그리티	섬유 . 의류	5,356	10,073,715	70,516	0.03
064800	백	CA	필링크	유통	6,400	64,008,677	70,410	0.03
290660	5백		네오펙트	의료 . 정밀기기	5,965	11,931,045	70,393	0.03
080010	5백		이상네트웍스	인터넷	4,507	9,015,000	70,047	0.03
204630	백		화이브라더스코리아	오락 . 문화	2,861	28,613,475	69,817	0.03
019590	5백	정	엠벤처투자	금융	30,071	60,142,180	69,765	0.03
017510	5백		세명전기	금속	7,623	15,246,000	69,522	0.03
900280	外		골든센츄리		22,038	93,400,000	69,490	0.03
258830	5백		세종메디칼	의료 . 정밀기기	3,388	6,777,741	69,472	0.03
124500	5백		아이티센	컴퓨터서비스	8,095	16,190,925	69,459	0.03
024800	5백		유성티엔에스	운송	13,606	27,213,580	69,259	0.03
101400	백		엔시트론	반도체	11,772	117,728,637	69,224	0.03
057540	5백		옴니시스템	의료 . 정밀기기	20,339	40,679,015	69,154	0.03
043340	5백		에쎈테크	기계 . 장비	36,000	72,000,000	69,048	0.03
078650	5백		코렌	의료 . 정밀기기	20,450	40,901,793	68,511	0.03
032850	5백		비트컴퓨터	소프트웨어	8,311	16,623,293	68,322	0.03
066310	5백		큐에스아이	반도체	4,139	8,278,230	68,047	0.03
290550	5백		디케이티	IT부품	4,115	8,231,333	67,908	0.03
094360	5백		칩스앤미디어	소프트웨어	3,851	7,415,627	67,853	0.03
066130	5백		하츠	일반전기전자	6,400	12,800,000	67,840	0.03
044960	5백		이글벳	유통	6,320	12,641,883	67,760	0.03
094940	5백		푸른기술	정보기기	3,287	6,574,202	67,714	0.03
050860	5백		아세아텍	기계 . 장비	8,750	17,500,000	67,550	0.03
056730	5백	정	포스링크	유통	23,081	46,163,868	67,399	0.03
026150	5백		특수건설	건설	7,497	14,994,814	67,327	0.03
066900	5백		디에이피	IT부품	11,372	22,744,503	67,324	0.03
040610	5백		SG&G	운송장비 . 부품	17,043	34,087,196	67,322	0.03
049430	5백		코메론	의료 . 정밀기기	4,524	9,048,000	67,227	0.03
035480	5백	정	제이테크놀로지	오락 . 문화	22,764	45,529,070	67,155	0.03
036170	1천		씨티젠	반도체	32,361	32,361,201	67,149	0.03
114810	5백		아이원스	IT부품	6,707	13,415,919	67,013	0.03
083550	5백		케이엠	섬유 . 의류	5,071	10,142,170	66,634	0.03
068330	백		일신바이오	기계 . 장비	4,421	44,216,140	66,545	0.03
148140	5백		비디아이	기계 . 장비	3,960	7,920,750	66,534	0.03
036010	5백		아비코전자	일반전기전자	6,896	13,292,934	66,465	0.03
060370	1천		KT서브마린	건설	21,900	21,900,000	66,357	0.03
036090	5백		위지트	기계 . 장비	36,374	72,749,313	66,347	0.03
043650	5백	관	국순당	음식료 . 담배	8,929	17,858,304	66,344	0.03
094840	5백		슈프리마에이치큐	컴퓨터서비스	5,235	10,471,840	66,287	0.03
012790	5백		신일제약	제약	3,950	7,900,000	66,281	0.03
049550	5백		잉크테크	화학	8,310	16,019,932	66,242	0.03
031310	5백		아이즈비전	통신장비	7,886	15,772,574	66,008	0.03
063440	5백		SM Life Design	출판 . 매체복제	22,874	45,029,154	65,968	0.03
900340	外		윙입푸드		28,381	40,409,095	65,867	0.03
058630	5백		엠게임	디지털컨텐츠	9,771	19,543,877	65,863	0.03
014570	5백		고려제약	제약	5,500	11,000,000	65,780	0.03
114450	5백		KPX생명과학	제약	7,500	15,000,000	65,775	0.03
123570	5백		이엠넷	기타서비스	11,138	22,276,078	65,714	0.03
039610	5백		화성밸브	기계 . 장비	5,205	10,410,400	65,690	0.03
115310	5백		인포바인	통신서비스	1,596	3,192,883	65,614	0.03
225650	5백		쿠첸	일반전기전자	5,343	10,686,277	65,507	0.03
305090	5백		마이크로디지탈	의료 . 정밀기기	1,815	3,630,800	65,354	0.03
900040	外	정	차이나그레이트		14,849	125,866,557	65,199	0.03
150840	5백		인트로메딕	의료 . 정밀기기	10,951	21,903,778	65,164	0.03
005860	5백		한일사료	음식료 . 담배	19,701	39,403,685	65,016	0.03
123410	백		코리아에프티	운송장비 . 부품	2,784	27,841,064	65,009	0.03
005670	5백		푸드웰	음식료 . 담배	5,000	10,000,000	65,000	0.03
044480	5백		바이오제네틱스	화학	6,142	12,285,487	64,990	0.03
073010	5백	관	케이에스피	기계 . 장비	18,096	36,192,257	64,784	0.03
065450	2백		빅텍	의료 . 정밀기기	4,900	24,500,000	64,680	0.03
045890	5백		GV	일반전기전자	14,423	28,846,117	64,615	0.03
050760	5백		에스폴리텍	화학	8,167	16,334,678	64,522	0.03
053660	5백		현진소재	금속	13,166	26,333,479	64,517	0.03
189980	5백		흥국에프엔비	음식료 . 담배	3,670	7,341,291	64,457	0.03
033430	백		디에스티	기계 . 장비	5,600	56,005,025	64,406	0.03
058220	2백		아리온	통신장비	18,114	90,573,059	64,397	0.03
038070	5백		서린바이오	유통	3,750	7,500,676	64,206	0.03
004590	백		한국가구	유통	1,500	15,000,000	64,200	0.03
138610	5백		나이벡	제약	4,951	9,902,979	64,072	0.03
206400	백	관	엔터메이트	소프트웨어	8,331	83,314,615	64,069	0.03
033200	5백		모아텍	IT부품	7,665	14,331,185	63,845	0.03
039020	1천		이건홀딩스	금융	22,584	22,584,709	63,576	0.03
182360	백		큐브엔터	오락 . 문화	2,657	26,573,767	63,378	0.03
053590	5백	CA	한국테크놀로지	기계 . 장비	35,592	71,185,050	63,355	0.03
024120	5백		KB오토시스	운송장비 . 부품	5,750	11,500,000	63,250	0.03
093520	5백		매커스	유통	8,081	16,163,092	63,198	0.03
032940	5백		원익	유통	8,967	17,934,432	63,129	0.03
250000	5백		보라티알	유통	3,375	6,750,733	62,917	0.03
040160	5백		누리텔레콤	소프트웨어	6,027	12,055,535	62,689	0.03
052190	5백		이에스에이	오락 . 문화	14,351	28,702,637	62,572	0.03
214310	백		세미콘라이트	반도체	6,669	66,690,208	62,555	0.03
054180	5백		중앙오션	운송장비 . 부품	13,484	26,968,727	62,433	0.03
114120	1천		크루셜텍	IT부품	65,767	65,767,892	62,282	0.03
048430	5백		유라테크	일반전기전자	5,760	11,520,000	62,208	0.03
117730	5백		티로보틱스	기계 . 장비	2,699	5,399,459	62,094	0.03
066110	5백		한프	정보기기	26,399	52,799,600	62,040	0.03
050120	5백		라이브플렉스	유통	42,659	85,319,896	62,028	0.03
060480	5백		국일신동	금속	5,545	11,090,000	61,993	0.03
101240	5백		씨큐브	화학	4,025	8,050,441	61,908	0.03
246720	5백		아스타	제약	5,741	11,482,523	61,431	0.03
017480	5백		삼현철강	금속	8,551	15,702,890	61,241	0.03
042940	5백		상지카일룸	건설	20,737	41,474,228	61,174	0.03
053110	5백		소리바다	디지털컨텐츠	31,187	62,375,245	61,128	0.03
038530	5백		골드퍼시픽	유통	16,550	33,101,431	61,072	0.03
017650	백		대림제지	종이 . 목재	4,500	45,000,000	60,975	0.03
046390	2백		삼화네트웍스	오락 . 문화	8,609	43,047,933	60,913	0.03
241520	5백		DSC인베스트먼트	금융	9,009	18,019,383	60,815	0.03
043710	5백		서울리거	유통	14,757	29,515,308	60,506	0.03
072770	5백		네오디안테크놀로지	소프트웨어	17,978	35,957,518	60,409	0.03
046970	5백		우리로	통신장비	12,395	24,791,119	60,242	0.03
023440	5백		제일제강	금속	14,746	29,492,393	60,017	0.03
042600	5백		새로닉스	IT부품	6,211	12,423,574	60,006	0.03
033310	5백		디케이디앤아이	금속	10,986	21,972,411	59,765	0.03
071280	5백		로체시스템즈	반도체	7,648	15,296,603	59,657	0.03
039230	5백		에이아이비트	반도체	40,703	81,407,197	59,590	0.03
066410	5백	CA	버킷스튜디오	디지털컨텐츠	11,723	23,447,181	59,439	0.03
072990	5백		에이치시티	기타서비스	3,434	6,869,651	59,422	0.03
053260	5백		금강철강	금속	9,860	18,720,000	59,062	0.03
018620	5백		우진비앤지	제약	12,983	25,967,013	58,945	0.03
234100	백		세원	운송장비 . 부품	2,238	22,382,985	58,867	0.03
264660	5백		씨앤지하이테크	반도체	4,202	8,405,480	58,838	0.03
277070	5백		린드먼아시아	금융	6,750	13,500,000	58,793	0.03
048470	5백		대동스틸	금속	5,000	10,000,000	58,700	0.03
016670	5백		포비스티앤씨	유통	20,039	40,078,058	58,514	0.03
033560	5백		블루콤	IT부품	9,600	18,088,047	58,424	0.03
027830	5백		대성창투	금융	20,000	40,000,000	58,400	0.03
031510	5백		오스템	운송장비 . 부품	13,000	26,000,000	58,370	0.03
088390	5백		이녹스	운송장비 . 부품	4,675	9,350,844	58,256	0.03
204990	5백		현성바이탈	음식료 . 담배	15,825	31,650,123	58,236	0.03
208350	백		지란지교시큐리티	출판 . 매체복제	3,887	38,872,668	57,920	0.03
097870	5백		효성오앤비	화학	4,245	8,490,000	57,817	0.03
036480	5백		대성미생물	제약	1,900	3,800,000	57,760	0.03
056090	5백		유앤아이	의료 . 정밀기기	3,882	7,764,894	57,693	0.03
123840	백		한일진공	기계 . 장비	5,620	56,205,977	57,611	0.03
220180	5백		핸디소프트	소프트웨어	7,734	15,469,296	57,468	0.03
222110	5백		팬젠	제약	4,820	9,641,781	57,465	0.03
226440	백		한송네오텍	기계 . 장비	3,960	39,601,008	57,421	0.03
041520	5백		이라이콤	IT부품	6,094	12,188,730	57,348	0.03
025550	5백		한국선재	금속	12,261	24,522,254	57,259	0.03
039420	5백		케이엘넷	통신서비스	12,077	24,154,730	57,126	0.03
008800	5백	정	스튜디오썸머	음식료 . 담배	16,122	32,244,023	57,072	0.03
246960	5백		이노테라피	기타서비스	2,522	5,044,184	56,999	0.03
094190	5백	정	이엘케이	IT부품	36,163	72,327,965	56,922	0.03
079650	백		서산	비금속	2,000	20,000,000	56,900	0.03
219750	5백		지티지웰니스	의료 . 정밀기기	3,125	6,250,067	56,876	0.03
066360	5백		체리부로	음식료 . 담배	13,936	27,872,369	56,860	0.03
039980	5백		리노스	유통	19,800	39,601,703	56,828	0.03
046940	5백		우원개발	건설	8,573	17,146,877	56,585	0.03
083650	5백		비에이치아이	기계 . 장비	13,000	26,000,000	56,420	0.03
083450	5백		GST	반도체	4,658	9,317,745	56,279	0.03
197210	5백	CA	리드	반도체	9,131	18,262,574	56,157	0.03
080520	5백		오디텍	반도체	5,873	11,746,609	56,149	0.03
024840	5백		KBI메탈	금속	16,475	32,950,848	56,016	0.03
042500	5백		링네트	컴퓨터서비스	7,468	14,936,878	56,013	0.03
208860	5백		엔지스테크널러지	소프트웨어	4,902	9,805,987	55,992	0.03
104540	5백	정	코렌텍	의료 . 정밀기기	4,968	9,937,153	55,946	0.03
010470	1천		오리콤	기타서비스	11,498	11,498,750	55,941	0.03
064510	5백		에코마이스터	기계 . 장비	6,329	12,659,207	55,764	0.03
147830	5백		제룡산업	금속	5,000	10,000,000	55,700	0.03
060900	백		케이알피앤이	화학	5,301	53,017,111	55,668	0.03
048770	5백		TPC	기계 . 장비	6,450	12,900,000	55,664	0.03
263800	5백		데이타솔루션	정보기기	7,859	15,718,580	55,487	0.03
091340	5백		S&K폴리텍	IT부품	5,851	11,703,721	55,359	0.03
038870	5백		에코바이오	기타서비스	5,805	11,610,994	55,326	0.03
096350	백		대창솔루션	금속	10,845	108,455,315	55,312	0.03
064290	5백		인텍플러스	반도체	5,521	11,043,483	55,217	0.03
109820	5백		진매트릭스	기타서비스	8,870	17,740,155	55,172	0.03
039670	5백	정	한류타임즈	출판 . 매체복제	29,961	59,922,652	54,949	0.03
059210	5백		메타바이오메드	제약	11,931	23,862,351	54,883	0.03
090410	백		덕신하우징	금속	4,006	40,060,000	54,882	0.03
081150	5백		티플랙스	금속	12,134	24,268,402	54,847	0.03
142210	5백		유니트론텍	유통	4,965	9,931,950	54,725	0.03
086670	5백		비엠티	기계 . 장비	4,073	8,146,529	54,663	0.03
010280	1천		쌍용정보통신	컴퓨터서비스	40,464	40,464,034	54,626	0.03
140520	5백		대창스틸	금속	10,000	20,000,000	54,600	0.03
213090	5백		미래테크놀로지	소프트웨어	3,060	6,120,788	54,230	0.03
253590	백		네오셈	금융	3,604	36,049,183	54,074	0.02
052670	5백		제일바이오	제약	7,500	15,000,000	54,000	0.02
258610	5백		이더블유케이	금속	3,690	7,380,944	53,955	0.02
252500	백		세화피앤씨	화학	2,074	20,743,195	53,932	0.02
217330	5백		싸이토젠	기타서비스	2,816	5,633,864	53,803	0.02
131090	백		시큐브	소프트웨어	3,800	38,000,000	53,770	0.02
042110	5백		에스씨디	일반전기전자	24,164	48,329,564	53,646	0.02
110020	5백		전진바이오팜	화학	2,366	4,733,428	53,488	0.02
039290	5백		인포뱅크	통신서비스	4,346	8,693,978	53,468	0.02
065770	5백		CS	통신장비	9,417	18,835,150	53,398	0.02
054930	5천		유신	기타서비스	15,000	3,000,000	53,250	0.02
095910	5백		에스에너지	IT부품	6,682	13,364,321	53,190	0.02
080470	5백		성창오토텍	운송장비 . 부품	3,650	7,300,000	52,925	0.02
036690	5백		코맥스	통신장비	7,280	14,561,333	52,858	0.02
045060	5백		오공	화학	8,470	16,941,974	52,690	0.02
147760	5백		마이크로프랜드	의료 . 정밀기기	5,409	10,819,866	52,585	0.02
128660	5백		피제이메탈	금속	12,401	24,803,369	52,583	0.02
036710	5백		심텍홀딩스	IT부품	17,868	35,736,919	52,533	0.02
024830	5백	정	세원물산	운송장비 . 부품	4,175	8,350,000	52,438	0.02
131180	백		딜리	정보기기	2,935	29,350,000	52,390	0.02
051490	5백		나라엠앤디	기계 . 장비	7,230	14,200,000	52,256	0.02
037440	5백		희림	기타서비스	6,961	13,922,475	52,209	0.02
065500	5백		오리엔트정공	운송장비 . 부품	58,607	117,214,562	52,160	0.02
097800	5백		윈팩	반도체	18,240	36,481,655	51,986	0.02
154030	5백		아시아종묘		4,607	9,215,539	51,976	0.02
037760	5백		쎄니트	금속	16,916	33,832,921	51,934	0.02
127710	5백		아시아경제	디지털컨텐츠	12,754	25,508,734	51,910	0.02
023460	25백		CNH	금융	93,000	37,200,000	51,894	0.02
009620	백		삼보산업	금속	2,511	25,119,378	51,872	0.02
208710	백		바이오로그디바이스	IT부품	2,796	27,961,690	51,729	0.02
071850	5백		캐스텍코리아	운송장비 . 부품	8,284	16,569,188	51,696	0.02
032980	5백		바이온	유통	23,802	47,604,597	51,651	0.02
225430	백		케이엠제약	화학	2,138	21,387,050	51,650	0.02
269620	백		시스웍	의료 . 정밀기기	1,800	18,000,000	51,390	0.02
033230	5백		인성정보	컴퓨터서비스	9,579	19,158,271	51,248	0.02
001810	5백		무림SP	종이 . 목재	11,068	22,137,500	51,248	0.02
106240	5백	CA	파인테크닉스	IT부품	18,804	37,608,487	51,148	0.02
099220	5백		SDN	유통	21,207	42,415,467	51,111	0.02
046110	5백		한일네트웍스	컴퓨터서비스	5,977	11,954,227	51,104	0.02
052220	5백		iMBC	디지털컨텐츠	11,500	23,000,000	51,060	0.02
138070	5백		신진에스엠	금속	4,486	8,972,183	51,052	0.02
051380	5백		피씨디렉트	유통	4,057	8,114,848	51,042	0.02
114570	5백		지스마트글로벌	반도체	47,323	94,647,020	51,015	0.02
265560	5백		영화테크	운송장비 . 부품	2,672	5,345,090	50,992	0.02
096640	5백		멜파스	IT부품	11,131	22,263,838	50,984	0.02
263810	5백		상신전자	일반전기전자	4,748	9,497,283	50,905	0.02
052900	5백		KMH하이텍	반도체	23,442	46,885,499	50,871	0.02
218150	백		미래생명자원	음식료 . 담배	1,867	18,671,428	50,786	0.02
900080	外		에스앤씨엔진그룹		110,129	123,759,593	50,741	0.02
064820	5백		케이프	운송장비 . 부품	12,764	25,528,573	50,674	0.02
044060	5백		조광ILI	기계 . 장비	4,942	9,885,656	50,615	0.02
039310	5백		세중	기타서비스	9,060	18,121,667	50,469	0.02
054920	5백		한컴시큐어	소프트웨어	9,398	18,796,541	50,375	0.02
059100	5백		아이컴포넌트	IT부품	3,535	7,070,860	50,345	0.02
049830	5백		승일	금속	3,066	6,132,112	50,283	0.02
063760	5백		이엘피	반도체	2,455	4,910,500	49,842	0.02
092870	5백		엑시콘	반도체	4,441	8,883,500	49,836	0.02
057030	5백		와이비엠넷	기타서비스	8,156	16,312,697	49,835	0.02
043220	5백	관	에이치엘비파워	기계 . 장비	30,680	61,360,226	49,763	0.02
208140	백		정다운	음식료 . 담배	2,052	20,529,824	49,580	0.02
032750	5백		삼진	일반전기전자	3,000	6,000,000	49,560	0.02
054090	5백		삼진엘앤디	IT부품	12,479	24,959,232	49,544	0.02
001000	백		신라섬유	기타서비스	2,427	24,277,540	49,405	0.02
106520	5백	관	디지탈옵틱	의료 . 정밀기기	36,636	73,272,154	49,312	0.02
136510	5백		쎄미시스코	기계 . 장비	2,700	5,400,000	49,032	0.02
089850	5백		유비벨록스	소프트웨어	3,557	7,115,697	49,027	0.02
115440	5백		우리넷	통신장비	3,182	6,365,710	49,016	0.02
059120	5백		아진엑스텍	반도체	3,472	6,945,915	48,830	0.02
037230	5백		한국팩키지	종이 . 목재	12,500	25,000,000	48,750	0.02
041020	5백		인프라웨어	소프트웨어	18,731	37,463,160	48,702	0.02
032680	5백		소프트센	유통	16,426	32,852,077	48,621	0.02
196300	5백		애니젠	제약	2,508	5,016,165	48,607	0.02
217820	5백		엔에스	기계 . 장비	2,450	4,900,000	48,510	0.02
096610	5백		알에프세미	반도체	4,060	8,120,970	48,482	0.02
018680	5백		서울제약	제약	4,242	8,485,499	48,452	0.02
263020	5백		디케이앤디	화학	3,881	7,763,202	48,365	0.02
184230	백		SGA솔루션즈	소프트웨어	3,667	36,676,033	48,229	0.02
221980	5백		케이디켐	화학	2,017	4,034,800	48,216	0.02
101170	5백		우림기계	기계 . 장비	6,750	13,500,000	48,060	0.02
189690	5백		포시에스	소프트웨어	3,757	7,515,763	48,026	0.02
068050	5백		팬엔터테인먼트	오락 . 문화	6,871	13,742,997	47,963	0.02
047920	5백		씨트리	기타서비스	6,924	13,848,373	47,846	0.02
075970	1천		동국알앤에스	비금속	18,400	18,400,000	47,748	0.02
060540	5백		에스에이티	통신장비	13,066	26,133,306	47,693	0.02
017250	5백		인터엠	일반전기전자	10,522	21,045,467	47,668	0.02
025950	5백		동신건설	건설	4,200	8,400,000	47,544	0.02
101390	5백		아이엠	IT부품	21,111	42,223,170	47,079	0.02
114630	5백		우노앤컴퍼니	화학	6,886	13,573,965	47,034	0.02
006920	5백		모헨즈	비금속	5,460	10,920,000	46,956	0.02
084650	5백		랩지노믹스	기타서비스	4,551	9,103,295	46,882	0.02
045510	5백		정원엔시스	컴퓨터서비스	16,104	32,209,292	46,703	0.02
187790	5백		나노	화학	12,898	25,797,855	46,694	0.02
219550	백		MP한강	유통	5,683	56,831,270	46,658	0.02
062860	5백		티엘아이	반도체	4,936	9,872,720	46,550	0.02
067920	5백		이글루시큐리티	소프트웨어	5,498	10,996,119	46,404	0.02
115500	5백		케이씨에스	컴퓨터서비스	6,000	12,000,000	46,380	0.02
052300	백		W홀딩컴퍼니	운송	13,230	132,305,696	46,307	0.02
111820	5백	정	지와이커머스	인터넷	10,278	20,557,009	46,253	0.02
054300	5백		팬스타엔터프라이즈	기계 . 장비	23,744	47,489,849	46,065	0.02
019540	5백		일지테크	운송장비 . 부품	6,756	13,513,500	45,946	0.02
008370	5백		원풍	화학	6,000	12,000,000	45,720	0.02
081580	5백		성우전자	IT부품	7,754	15,508,143	45,516	0.02
121890	5백		에스디시스템	정보기기	4,523	9,047,578	45,509	0.02
051980	5백		센트럴바이오	화학	22,552	44,604,210	45,496	0.02
263860	5백		지니언스	소프트웨어	4,722	9,444,600	45,381	0.02
041590	5백		에너전트	건설	23,629	47,259,976	45,370	0.02
143540	5백		영우디에스피	반도체	15,096	30,193,507	45,139	0.02
085670	5백		뉴프렉스	IT부품	10,578	21,156,039	45,062	0.02
003310	5백		대주산업	음식료 . 담배	18,696	35,392,350	44,948	0.02
092300	5백		현우산업	IT부품	7,404	14,809,917	44,948	0.02
049120	5백		파인디앤씨	IT부품	13,179	26,359,944	44,812	0.02
085810	5백		알티캐스트	소프트웨어	10,987	21,223,160	44,675	0.02
031980	5백		피에스케이홀딩스	반도체	2,783	5,566,584	44,644	0.02
008470	5백		부스타	금속	4,202	8,404,800	44,545	0.02
122690	5백		서진오토모티브	운송장비 . 부품	9,770	19,541,246	44,456	0.02
053050	5백		지에스이		15,304	29,987,597	44,232	0.02
215090	백		리퓨어유니맥스	의료 . 정밀기기	1,965	19,652,087	44,217	0.02
032800	5백		판타지오	오락 . 문화	36,351	72,703,943	44,204	0.02
101930	5백		인화정공	운송장비 . 부품	4,665	9,331,705	44,046	0.02
222980	5백		한국맥널티	음식료 . 담배	2,487	4,975,000	44,029	0.02
177830	5백		파버나인	일반전기전자	5,417	10,834,424	43,988	0.02
068940	2백		아이씨케이	정보기기	6,235	31,179,722	43,963	0.02
066910	5백		손오공	유통	10,948	21,896,161	43,902	0.02
050960	5백		수산아이앤티	출판 . 매체복제	3,375	6,751,000	43,882	0.02
050090	5백		휘닉스소재	IT부품	34,569	69,138,942	43,696	0.02
238120	5백		로고스바이오	의료 . 정밀기기	1,797	3,594,724	43,676	0.02
085910	5백		네오티스	운송장비 . 부품	5,506	11,013,678	43,504	0.02
101730	5백		조이맥스	디지털컨텐츠	4,252	8,505,234	43,377	0.02
133750	5백		메가엠디	기타서비스	11,184	22,368,593	43,283	0.02
029480	5백		바른테크놀로지	통신장비	21,967	43,935,285	43,232	0.02
058530	5백		슈펙스비앤피	유통	32,023	64,046,681	43,167	0.02
002680	5백		한탑	음식료 . 담배	10,400	20,800,000	43,160	0.02
224110	5백		에이텍티앤	정보기기	2,670	5,340,000	43,147	0.02
131760	5백		파인텍	IT부품	21,460	42,921,361	43,136	0.02
039240	백		경남스틸	금속	2,500	25,000,000	43,125	0.02
028080	5백		휴맥스홀딩스	금융	6,288	12,577,506	42,952	0.02
170030	5백		현대공업	운송장비 . 부품	7,670	15,340,000	42,952	0.02
012860	5백		서연전자	운송장비 . 부품	13,500	27,000,000	42,930	0.02
293580	5천		나우아이비캐피탈	금융	47,400	9,480,000	42,850	0.02
175140	5백		인포마크	통신장비	1,814	3,628,208	42,813	0.02
230980	백	CA	솔트웍스	출판 . 매체복제	1,262	12,625,406	42,800	0.02
065570	5백		삼영이엔씨	통신장비	4,400	8,800,000	42,768	0.02
170790	5백		파이오링크	통신장비	3,428	6,856,330	42,715	0.02
159910	백	CA	스킨앤스킨	반도체	11,537	115,372,497	42,688	0.02
032540	5백		TJ미디어	일반전기전자	6,965	13,931,609	42,631	0.02
083500	5백		에프엔에스테크	기계 . 장비	3,712	7,425,062	42,620	0.02
080530	5백	정	코디	화학	5,931	11,862,130	42,585	0.02
037030	1천		파워넷	일반전기전자	12,009	12,009,614	42,514	0.02
215480	백		토박스코리아	유통	4,086	40,862,741	42,497	0.02
154040	5백		솔루에타	IT부품	6,371	12,743,616	42,373	0.02
032960	5백		동일기연	IT부품	4,892	3,284,246	42,367	0.02
237750	5백		피앤씨테크	일반전기전자	3,248	6,496,600	42,228	0.02
049470	1천		SGA	소프트웨어	48,362	48,362,249	42,220	0.02
038620	5백		위즈코프	유통	19,415	38,830,772	42,131	0.02
007370	5백		진양제약	제약	6,000	12,000,000	42,060	0.02
277410	백		인산가	음식료 . 담배	2,635	26,358,345	41,910	0.02
024740	5백		한일단조	운송장비 . 부품	14,945	29,891,328	41,848	0.02
075130	5백		플랜티넷	컴퓨터서비스	4,480	8,960,000	41,843	0.02
065690	5백		파커스	IT부품	6,981	13,963,509	41,751	0.02
141020	5백		포티스	유통	26,279	52,558,644	41,521	0.02
073540	5백		에프알텍	통신장비	5,700	11,400,000	41,382	0.02
104040	백		대성파인텍	운송장비 . 부품	3,130	31,301,281	41,318	0.02
020180	5백		대신정보통신	컴퓨터서비스	19,214	38,428,915	41,311	0.02
065420	백	정	에스아이리소스		6,460	64,603,964	41,282	0.02
027580	5백		상보	IT부품	15,840	31,681,121	41,185	0.02
246690	5백		TS인베스트먼트	금융	11,210	22,421,004	41,143	0.02
275630	5백		에스에스알	소프트웨어	2,897	5,794,561	40,736	0.02
054630	5백		에이디칩스	기타제조	13,501	27,002,396	40,504	0.02
082850	5백		우리바이오	일반전기전자	22,458	44,917,878	40,471	0.02
019570	5백		리더스 기술투자	금융	26,432	52,864,828	40,442	0.02
006050	5백		국영지앤엠	비금속	17,447	34,895,243	40,304	0.02
089790	5백		제이티	반도체	5,157	10,315,513	40,231	0.02
092600	5백		앤씨앤	반도체	6,723	13,447,500	40,208	0.02
087600	5백		픽셀플러스	반도체	4,083	8,166,558	40,179	0.02
263600	5백		덕우전자	일반전기전자	4,055	7,965,155	40,065	0.02
054540	5백		삼영엠텍	금속	6,772	13,000,000	39,910	0.02
079000	5백		와토스코리아	화학	3,600	7,200,000	39,816	0.02
205470	백		휴마시스	금융	2,804	28,042,009	39,679	0.02
128540	백		에코캡	운송장비 . 부품	1,455	14,558,800	39,600	0.02
203450	5백		유니온커뮤니티	일반전기전자	7,339	14,679,007	39,487	0.02
036620	5백		버추얼텍	유통	23,085	46,171,847	39,477	0.02
181340	5백		이즈미디어	의료 . 정밀기기	3,522	7,045,100	39,453	0.02
032080	5백		아즈텍WB	섬유 . 의류	10,458	20,916,684	39,428	0.02
007770	5백		한일화학	화학	1,755	3,510,000	39,312	0.02
043100	5백	관	솔고바이오	의료 . 정밀기기	80,862	161,725,785	39,299	0.02
150900	5백		파수닷컴	소프트웨어	4,803	9,607,216	39,294	0.02
126640	백		화신정공	운송장비 . 부품	3,637	36,373,887	39,284	0.02
014940	5백		오리엔탈정공	기계 . 장비	22,786	45,573,661	39,193	0.02
086060	5백		진바이오텍	음식료 . 담배	4,305	8,610,587	38,877	0.02
044180	백	정	KD	건설	39,176	391,766,520	38,785	0.02
123330	5백		제닉	화학	3,500	7,000,000	38,780	0.02
256940	5백		케이피에스	반도체	2,139	4,279,000	38,768	0.02
053270	5백		구영테크	운송장비 . 부품	13,197	26,394,174	38,667	0.02
051390	5백		YW	유통	5,677	11,355,368	38,608	0.02
078350	5백		한양디지텍	반도체	5,000	10,000,000	38,600	0.02
094970	5백		제이엠티	IT부품	8,374	16,748,240	38,437	0.02
036640	5백		HRS	화학	8,177	16,354,800	38,434	0.02
076080	5백		웰크론한텍	건설	9,751	19,502,015	38,224	0.02
052460	5백		아이크래프트	컴퓨터서비스	7,303	14,607,936	38,200	0.02
131220	5백		대한과학	유통	3,727	7,454,490	38,167	0.02
089530	5백		에이티세미콘	반도체	35,571	71,142,450	38,061	0.02
043910	5백		자연과환경	기타서비스	16,974	33,949,357	38,023	0.02
153490	5백		우리이앤엘	반도체	24,950	49,900,000	37,774	0.02
195440	5백	관	퓨전데이타	소프트웨어	48,001	96,003,379	37,729	0.02
053290	5백		NE능률	출판 . 매체복제	6,748	13,497,842	37,726	0.02
038950	5백		파인디지털	통신장비	5,105	10,210,765	37,678	0.02
012620	5백		원일특강	금속	2,200	4,400,000	37,664	0.02
021650	5백		한국큐빅	화학	8,175	16,350,563	37,606	0.02
057680	5백	관	옴니텔	디지털컨텐츠	16,849	33,698,640	37,574	0.02
046310	5백		백금T&A	통신장비	7,703	15,407,187	37,285	0.02
038010	5백		제일테크노스	금속	4,500	9,000,000	37,215	0.02
000440	5백		중앙에너비스	유통	3,113	6,227,130	37,114	0.02
290270	5백		휴네시온	소프트웨어	2,401	4,803,836	37,086	0.02
177350	5백		베셀	반도체	5,596	11,192,368	37,047	0.02
070300	5백		한솔시큐어	소프트웨어	3,683	7,366,074	36,830	0.02
086250	5백		화신테크	기계 . 장비	6,783	13,566,748	36,766	0.02
127120	5백		디엔에이링크	기타서비스	5,738	11,476,541	36,725	0.02
002290	5백		삼일기업공사	건설	6,200	12,400,000	36,642	0.02
192390	5백		윈하이텍	금속	5,131	10,263,086	36,639	0.02
019990	5백		에너토크	기계 . 장비	4,878	9,756,088	36,634	0.02
025880	5백		케이씨피드	음식료 . 담배	8,357	16,715,858	36,524	0.02
212560	5백		네오오토	운송장비 . 부품	3,937	7,874,963	36,422	0.02
070590	5백		한솔인티큐브	컴퓨터서비스	6,939	13,879,521	36,364	0.02
139050	5백		데일리블록체인	컴퓨터서비스	22,443	44,887,261	36,359	0.02
013810	5백		스페코	기계 . 장비	7,327	14,655,470	36,346	0.02
066790	5백	정	씨씨에스	방송서비스	42,782	85,564,335	36,194	0.02
051780	5백		큐로홀딩스	방송서비스	31,708	63,416,213	36,084	0.02
109080	5백		옵티시스	통신장비	2,818	5,636,000	36,014	0.02
225590	백		패션플랫폼	섬유 . 의류	2,663	26,636,713	35,960	0.02
219130	5백		타이거일렉	반도체	3,157	6,314,290	35,865	0.02
115530	백	정	씨엔플러스	IT부품	4,268	42,681,681	35,810	0.02
064480	5백		브리지텍	컴퓨터서비스	6,176	11,952,500	35,798	0.02
089150	5백		케이씨티	컴퓨터서비스	8,575	17,150,000	35,672	0.02
900120	外		씨케이에이치		6,512	110,404,457	35,661	0.02
038110	5백		에코플라스틱	운송장비 . 부품	12,834	25,669,370	35,424	0.02
024910	5백		경창산업	운송장비 . 부품	17,909	35,819,005	35,282	0.02
122800	백	정	썬텍	금속	3,515	35,153,085	35,153	0.02
048830	5백		엔피케이	화학	9,361	18,723,923	35,107	0.02
035460	5백		기산텔레콤	통신장비	7,288	14,577,340	34,840	0.02
065440	5백		이루온	소프트웨어	13,637	27,275,020	34,776	0.02
043590	5백	정	크로바하이텍	반도체	11,650	23,300,000	34,717	0.02
072950	5백		빛샘전자	반도체	3,000	6,000,000	34,680	0.02
019770	5백		서연탑메탈	기계 . 장비	5,825	11,650,000	34,659	0.02
161570	5백		THE MIDONG	정보기기	6,895	13,791,786	34,411	0.02
053160	5백		프리엠스	일반전기전자	3,000	6,000,000	34,260	0.02
045300	5백		성우테크론	반도체	4,614	9,228,094	34,144	0.02
900070	外		글로벌에스엠		31,703	53,743,968	34,127	0.02
189860	5백		서전기전	일반전기전자	4,849	9,698,780	34,043	0.02
060260	5백		뉴보텍	화학	13,431	26,863,919	33,983	0.02
054040	5백		한국컴퓨터	IT부품	8,035	16,071,290	33,750	0.02
028040	5백		미래SCI	비금속	17,508	35,017,261	33,617	0.02
032580	5백		피델릭스	반도체	11,999	23,999,866	33,600	0.02
134060	5백		이퓨쳐	출판 . 매체복제	2,384	4,769,250	33,385	0.02
032860	5백		GMR 머티리얼즈	기타서비스	33,779	67,558,840	33,239	0.02
114190	5백		웰크론강원	금속	7,848	15,696,294	33,119	0.02
115480	5백		씨유메디칼	의료 . 정밀기기	7,945	15,890,979	33,053	0.02
018700	1천		바른손	오락 . 문화	16,417	16,417,365	32,999	0.02
227950	백	CA	마이크로텍	기계 . 장비	1,940	19,400,928	32,982	0.02
067010	5백		이씨에스	정보기기	3,750	7,500,000	32,925	0.02
032280	1천		삼일	운송	16,213	16,213,590	32,751	0.02
017000	5천		신원종합개발	건설	52,989	10,068,027	32,570	0.02
024850	5백		피에스엠씨	반도체	19,363	38,726,201	32,336	0.01
119500	5백		포메탈	금속	6,012	11,847,232	32,224	0.01
031860	5백	CA	엔에스엔	유통	11,916	23,833,574	32,175	0.01
016920	5백		카스	유통	10,737	21,474,112	31,782	0.01
093640	5백		다믈멀티미디어	반도체	5,399	10,798,536	31,532	0.01
173130	5백		오파스넷	소프트웨어	2,012	4,025,902	31,483	0.01
073190	5백		듀오백	기타제조	5,984	11,968,040	31,296	0.01
141070	5백		맥스로텍	기계 . 장비	12,433	24,866,457	31,207	0.01
052600	5백		한네트	통신서비스	5,781	11,563,700	31,164	0.01
123010	5백		옵토팩	반도체	2,595	5,191,490	31,149	0.01
088290	5백		이원컴포텍	운송장비 . 부품	7,123	14,247,866	30,419	0.01
130500	5백		GH신소재	섬유 . 의류	5,500	11,000,000	30,360	0.01
056000	5백		신스타임즈	디지털컨텐츠	7,008	14,016,600	30,346	0.01
023790	5백		동일철강	금속	3,672	7,345,085	30,115	0.01
208370	5백	CA	셀바스헬스케어	의료 . 정밀기기	7,014	14,029,683	29,813	0.01
033600	5백	관	럭슬	운송장비 . 부품	13,479	26,959,869	29,791	0.01
123750	5백	관	알톤스포츠	운송장비 . 부품	6,373	12,746,297	29,763	0.01
021880	5백		메이슨캐피탈	금융	49,592	99,184,408	29,755	0.01
197140	5백		디지캡	출판 . 매체복제	3,695	7,391,722	29,752	0.01
043260	5백		성호전자	IT부품	17,799	35,598,043	29,618	0.01
226350	5백	관	아이엠텍	통신장비	14,715	29,431,722	29,579	0.01
035200	5백		프럼파스트	화학	4,865	9,730,590	29,435	0.01
098660	5백		에스티오	섬유 . 의류	4,227	8,455,144	29,297	0.01
060300	5백	정	레드로버	오락 . 문화	23,818	47,637,698	29,059	0.01
060380	5백		동양에스텍	금속	5,000	10,000,000	29,050	0.01
187270	5백		신화콘텍	IT부품	5,071	10,143,845	28,859	0.01
223310	백	관	이에스브이	소프트웨어	12,301	123,011,195	28,785	0.01
093380	5백		풍강	금속	4,939	9,879,313	28,749	0.01
044780	5백		에이치케이	기계 . 장비	9,252	18,505,787	28,684	0.01
099410	5백		동방선기	운송장비 . 부품	6,770	13,541,002	28,436	0.01
226400	5백		오스테오닉	의료 . 정밀기기	4,229	8,458,466	28,336	0.01
090150	5백		광진윈텍	운송장비 . 부품	4,829	9,658,393	28,203	0.01
079170	5백		한창산업	금속	2,600	5,200,000	28,080	0.01
094860	백		코닉글로리	소프트웨어	4,765	47,653,062	28,020	0.01
196700	5백		웹스	화학	6,849	13,698,476	27,808	0.01
064520	5백	정	바른전자	반도체	6,641	13,283,902	27,763	0.01
069140	5백		누리플랜	금속	2,713	5,427,706	27,681	0.01
033050	1천		제이엠아이	출판 . 매체복제	32,579	32,579,342	27,595	0.01
115570	5백		스타플렉스	화학	3,226	6,453,734	27,106	0.01
054340	5백	정	피앤텔	IT부품	2,015	4,031,039	26,927	0.01
221610	5백		한솔씨앤피	화학	1,996	3,993,673	26,837	0.01
178780	5백	관	유테크	IT부품	8,692	17,384,483	26,685	0.01
134580	5백		디엠티	통신장비	5,625	11,250,000	26,606	0.01
024940	5백		PN풍년	금속	5,000	10,000,000	26,300	0.01
191410	5백		육일씨엔에쓰	IT부품	4,681	9,363,022	26,216	0.01
020400	1천		대동금속	금속	2,400	2,400,000	26,160	0.01
008830	5백		대동기어	기계 . 장비	4,493	8,987,520	26,154	0.01
039740	5백		한국정보공학	유통	4,009	8,018,397	25,940	0.01
158310	5백	CA	인터불스	기계 . 장비	6,035	12,071,642	25,894	0.01
130740	5백		티피씨글로벌	운송장비 . 부품	5,162	10,324,479	25,760	0.01
077280	5백		한컴지엠디	소프트웨어	5,883	11,766,339	25,533	0.01
043360	5백		디지아이	정보기기	4,500	9,000,000	25,470	0.01
054220	5백	정	비츠로시스	일반전기전자	26,147	52,295,547	25,363	0.01
052770	5백	정	와이디온라인	디지털컨텐츠	15,711	31,423,394	25,296	0.01
082660	5백	정	나인컴플렉스	IT부품	24,183	48,367,104	25,199	0.01
900110	外	정	이스트아시아홀딩스		90,706	109,000,686	25,070	0.01
115610	5백		이미지스	반도체	3,834	7,669,128	24,848	0.01
099520	5백		ITX엠투엠	통신장비	8,233	16,466,131	24,782	0.01
037400	5백		우리조명	일반전기전자	12,461	24,923,346	24,774	0.01
011080	5백		형지I&C	섬유 . 의류	19,477	38,955,668	24,620	0.01
105330	5백		케이엔더블유	일반전기전자	2,830	5,661,347	24,599	0.01
103230	5백		에스앤더블류	기계 . 장비	3,600	7,200,000	24,588	0.01
101670	2백		코리아에스이	금속	3,780	18,900,000	24,570	0.01
091440	5백		텔레필드	통신장비	4,548	9,097,047	24,471	0.01
098120	5백		마이크로컨텍솔	반도체	4,156	8,312,766	24,273	0.01
079810	5백		디이엔티	기계 . 장비	4,489	8,979,530	24,020	0.01
067730	5백		로지시스	컴퓨터서비스	4,670	9,340,922	23,913	0.01
153460	5백		네이블	소프트웨어	3,265	6,530,014	23,671	0.01
012340	5백		뉴인텍	IT부품	27,066	54,133,507	23,386	0.01
045340	5백		토탈소프트	소프트웨어	4,279	8,558,040	23,107	0.01
033790	5백	관	스카이문스테크놀로지	통신장비	8,558	17,117,100	22,851	0.01
007530	5백	정	영신금속	금속	6,416	12,832,968	22,394	0.01
054410	5백		케이피티유	금속	2,530	5,060,000	22,138	0.01
067770	5백		세진티에스	IT부품	4,198	8,396,593	22,125	0.01
058110	5백		멕아이씨에스	의료 . 정밀기기	2,680	5,361,500	21,902	0.01
017680	5백	정	데코앤이	섬유 . 의류	7,292	14,585,615	21,295	0.01
026910	5백		광진실업	금속	3,202	6,405,405	21,266	0.01
222810	백	CA	한류AI센터	소프트웨어	1,798	17,984,118	20,772	0.01
101680	5백	정	한국정밀기계	기계 . 장비	4,202	8,404,000	20,254	0.01
227100	5백		디자인	일반전기전자	1,330	2,660,910	20,250	0.01
096870	5백		엘디티	반도체	3,339	6,678,400	20,169	0.01
080580	5백		오킨스전자	반도체	3,100	6,200,000	19,623	0.01
058450	5백		일야	IT부품	7,950	15,900,000	19,557	0.01
250930	백		케이비제10호스팩	금융	521	5,210,000	19,381	0.01
069330	5백	관	유아이디	IT부품	5,943	11,887,792	19,318	0.01
025870	5백		신라에스지	유통	2,000	4,000,000	19,100	0.01
317320	백		한화에스비아이스팩	금융	436	4,360,000	18,966	0.01
182690	5백	관	테라셈	반도체	6,983	13,966,340	18,924	0.01
013720	5백		청보산업	운송장비 . 부품	4,089	8,178,771	18,402	0.01
217190	5백		제너셈	반도체	4,384	8,769,174	17,977	0.01
319400	백		엔에이치스팩14호	금융	862	8,620,000	17,973	0.01
058420	5백		제이웨이	오락 . 문화	9,267	18,534,210	17,923	0.01
080440	5백	관	에스제이케이	유통	4,699	9,398,709	17,811	0.01
123260	5백	정	파인넥스	반도체	12,007	24,015,495	16,835	0.01
113810	5백	CA	디젠스	운송장비 . 부품	16,314	32,628,051	16,738	0.01
273060	백		엔에이치스팩12호	금융	751	7,510,000	16,635	0.01
106080	1천	정	지투하이소닉	IT부품	20,645	20,645,684	16,475	0.01
323940	백		케이비제18호스팩	금융	782	7,822,000	16,113	0.01
291230	백		삼성스팩2호	금융	755	7,550,000	16,006	0.01
053060	5백		세동	운송장비 . 부품	10,705	21,411,000	15,694	0.01
121850	5백		코이즈	IT부품	5,266	10,532,840	15,378	0.01
256840	백	정	엔에이치스팩11호	금융	683	6,830,000	14,821	0.01
254120	백		IBKS제5호스팩	금융	450	4,500,000	14,130	0.01
194510	5백	정	파티게임즈	디지털컨텐츠	12,244	24,488,350	13,126	0.01
277480	백		신한제4호스팩	금융	601	6,010,000	12,771	0.01
317030	백		케이비17호스팩	금융	546	5,461,000	11,605	0.01
284620	백		하나금융11호스팩	금융	540	5,401,000	11,504	0.01
265480	백		미래에셋대우스팩1호	금융	484	4,840,000	11,035	0.01
307070	백		SK4호스팩	금융	516	5,160,000	10,784	0.00
291210	백		한국제7호스팩	금융	506	5,060,000	10,727	0.00
307750	백		대신밸런스제6호스팩	금융	501	5,010,000	10,721	0.00
262830	백		대신밸런스제4호스팩	금융	501	5,010,000	10,646	0.00
281740	백		동부스팩5호	금융	484	4,840,000	10,600	0.00
264850	백	정	IBKS제6호스팩	금융	431	4,315,000	10,485	0.00
08537M	5백		루트로닉3우C	의료 . 정밀기기	445	891,905	10,435	0.00
297570	백		IBKS제9호스팩	금융	276	2,760,000	10,378	0.00
306620	백		DB금융스팩6호	금융	484	4,840,000	10,333	0.00
307160	백		하나머스트제6호스팩	금융	459	4,590,000	10,190	0.00
192410	5백	정	감마누	통신장비	12,217	24,435,800	9,970	0.00
299170	백		IBKS제10호스팩	금융	433	4,330,000	9,959	0.00
270520	백		하나금융10호스팩	금융	460	4,602,000	9,894	0.00
309930	백		삼성머스트스팩3호	금융	459	4,590,000	9,869	0.00
307870	백		상상인이안1호스팩	금융	475	4,750,000	9,856	0.00
313750	백		유안타제4호스팩	금융	465	4,650,000	9,765	0.00
267320	백	정	교보7호스팩	금융	402	4,020,000	9,728	0.00
281410	백		한국제6호스팩	금융	451	4,510,000	9,674	0.00
083470	5백	정	KJ프리텍	IT부품	12,352	24,704,729	9,561	0.00
322780	백		DB금융스팩7호	금융	455	4,550,000	9,441	0.00
265920	백	정	한화수성스팩	금융	444	4,440,000	9,413	0.00
307180	백	정	신영스팩4호	금융	435	4,355,000	9,363	0.00
317240	백		하이제4호스팩	금융	440	4,400,000	9,240	0.00
261200	백		하나금융9호스팩	금융	426	4,260,000	9,180	0.00
323230	백		신한제5호스팩	금융	431	4,310,000	9,180	0.00
287410	백		유안타제3호스팩	금융	423	4,235,000	9,084	0.00
271740	백		한국제5호스팩	금융	400	4,000,000	8,800	0.00
276920	백		IBKS제7호스팩	금융	365	3,650,000	8,322	0.00
307280	백		교보8호스팩	금융	372	3,720,000	8,054	0.00
257730	백		신한제3호스팩	금융	350	3,505,000	7,904	0.00
311270	백		키움제5호스팩	금융	360	3,600,000	7,830	0.00
321260	백		유진스팩4호	금융	349	3,490,000	7,818	0.00
323280	백		신영스팩5호	금융	350	3,505,000	7,588	0.00
030270	5백	정	에스마크	섬유 . 의류	3,781	7,562,701	7,548	0.00
310200	백	정	미래에셋대우스팩2호	금융	305	3,050,000	7,518	0.00
279410	백		한화에이스스팩4호	금융	349	3,495,000	7,462	0.00
232330	백	관	SK3호스팩	금융	360	3,600,000	7,416	0.00
258790	백		케이비제11호스팩	금융	321	3,210,000	7,383	0.00
310840	백		엔에이치스팩13호	금융	342	3,420,000	7,370	0.00
323210	백		이베스트이안스팩1호		320	3,200,000	7,360	0.00
310870	백		한국제8호스팩	금융	342	3,420,000	7,302	0.00
264290	백		한화에이스스팩3호	금융	308	3,080,000	7,146	0.00
021045	5백		대호피앤씨우	금속	2,121	4,242,466	6,067	0.00
149940	5백	정	모다	통신장비	10,580	21,160,409	3,280	0.00
032685	5백		소프트센우	유통	71	142,857	3,143	0.00
